Probe Set ID	Gene Symbol	UniGene ID	Rep. Pub. ID	Gene Title	Pvalue	V_778	V_781	V_782	V_783	C_776_3umol	C_777_3umol	C_779_3umol	C_780_3umol	C_767_10umol	C_768_10umol	C_769_10umol	C_770_10umol	C_634_30umol	C_635_30umol	C_636_30umol	C_637_30umol	C3(fold-change)	C10(fold-change)	C30(fold-change)
1437666_x_at	Ubc			ubiquitin C	0.013198680132	44920.30179	42322.58126	57393.11269	41640.50659	42667.79689	45471.02799	42667.79689	37671.08589	35444.64352	28081.64832	25750.98505	24000.55255	43190.90722	42667.79689	35444.64352	40473.5002	0.904449598058	0.60811657951	0.868476945865
1416064_a_at	Hspa5			heat shock protein 5	0.00589941005899	23014.09355	36319.07905	45903.92832	35540.83608	35396.76759	38652.65784	37875.57053	27000.52801	19092.25645	23518.03657	21653.91102	20596.04918	38339.92781	43543.20558	47741.95419	38288.14115	0.986841595569	0.602795118528	1.19275244622
1432827_x_at	Ubc			ubiquitin C	0.003299670033	39338.92735	36516.22478	44316.3057	35062.95581	34497.87794	38184.51291	40309.43664	31892.73052	27294.63908	25996.32376	23359.47128	21161.29063	35976.56934	35253.2831	28119.82509	33941.90692	0.933327569659	0.63009047064	0.858647134514
1424273_at	Cyp2c70			"cytochrome P450, family 2, subfamily c, polypeptide 70"	0.014098590141	36466.90144	31378.7443	31040.84046	26066.69402	30664.8867	32679.31222	30375.69926	24894.16492	20735.85623	18357.22032	22098.18101	16810.90765	26493.66845	31720.54636	27183.99742	28195.94352	0.949268060974	0.624251140088	0.909093754557
1438902_a_at	Hsp90aa1			"heat shock protein 90, alpha (cytosolic), class A member 1"	0.00539946005399	9572.035287	15795.98191	20429.41114	14802.15902	16098.18032	12229.9425	13121.90899	10885.8014	9166.212394	6907.318341	8428.265231	9104.348074	15167.22991	19937.54286	20484.85414	13336.84686	0.863633491457	0.554560608507	1.1374083022
1440327_at	AI195470			expressed sequence AI195470	0.016798320168	16098.18032	13518.6175	13721.39936	10495.03967	16229.4895	13086.39407	10959.69478	11663.95954	6173.187945	5093.529551	7106.482847	5413.477754	12296.32857	18184.10123	12229.9425	15044.51523	0.964822866489	0.441858589393	1.07284813081
1417980_a_at	Insig2			insulin induced gene 2	0.004299570043	10077.35916	8439.664888	9598.012656	10353.92391	12875.49252	11475.98208	15064.96813	9116.72536	5304.679966	4870.992343	8016.462333	2987.907976	10915.26851	13870.86367	12396.62691	8636.134519	1.26161890821	0.550574860354	1.19106138761
1427347_s_at	Tubb2a			"tubulin, beta 2A"	0.00299970003	8005.634305	8945.522277	10710.3648	11822.93006	12633.79108	8214.232116	11169.44592	10652.54112	6805.191289	4811.996907	4890.817783	1722.155858	13193.1368	13246.83422	14882.50749	9203.519822	1.08067881603	0.461704827374	1.27964290972
1417981_at	Insig2			insulin induced gene 2	0.00669933006699	9178.610162	7983.966766	9328.956496	8647.875272	11260.47449	10382.02323	12892.99665	8059.976963	3997.382744	3481.829879	6411.650185	2348.086759	9067.442649	11838.92117	9215.968051	7411.089846	1.21218520498	0.462129277914	1.06812900697
1428112_at	Manf			mesencephalic astrocyte-derived neurotrophic factor	0.002399760024	4248.476884	8496.953769	12032.8436	7604.195984	8485.47673	9928.361976	9781.635567	5219.189249	2591.982029	3959.685136	3393.409917	2781.042352	9834.731838	12049.11863	13870.86367	9328.956496	1.03187506319	0.392994090348	1.39222456792
1426215_at	Ddc			dopa decarboxylase	0.00629937006299	7106.482847	8059.976963	7381.04822	5737.99104	7983.966766	5943.553399	6832.889118	6325.439463	3567.703482	3766.242031	3680.535573	2681.21278	7029.956272	8474.015193	9278.590831	6686.474394	0.95758779716	0.484194881346	1.11255016615
1427472_a_at	C8b			"complement component 8, beta polypeptide"	0.012198780122	6963.659759	8027.305006	6481.490941	5018.254767	6668.423431	6282.79155	5660.838305	5465.053864	4265.768623	4151.825231	4683.463155	4620.489547	5233.35351	6359.819036	5369.715732	6534.358983	0.908888690416	0.668972112849	0.886999511959
1416462_at	Caprin1			cell cycle associated protein 1	0.00399960004	5855.716528	6325.439463	6659.370072	5895.465434	7068.115991	7135.406964	6632.375621	5935.525299	3965.068295	4035.467218	4371.007081	3338.721406	6316.895541	6016.421801	6000.138137	5562.084704	1.08228626608	0.635117618063	0.966023140245
1460240_a_at	Hnrnpc			heterogeneous nuclear ribonucleoprotein C	0.004499550045	5524.545252	6869.979125	6411.650185	5297.478089	6081.91526	5816.195306	5149.012296	5268.877783	3587.069543	4046.39095	4168.723587	3756.048561	5226.248468	6516.673504	5093.529551	4838.117191	0.925834808861	0.645471989921	0.899223409324
1417991_at	Dio1			"deiodinase, iodothyronine, type I"	0.012398760124	4484.899682	5895.465434	7940.862503	4382.869476	6722.769639	7834.09007	5745.751965	4728.051386	3715.601333	3236.368118	3175.592327	3167.019423	5311.854816	6148.164283	4740.882757	4658.177825	1.10247339743	0.585558683324	0.918736366997
1433668_at	Pnrc1			proline-rich nuclear receptor coactivator 1	0.010298970103	7106.482847	4984.385716	6359.819036	6032.70784	5539.538213	5276.004208	5465.053864	5871.56755	2498.956374	2613.124234	2188.459545	1862.829605	5011.47649	5569.607706	6325.439463	6659.370072	0.904783157638	0.37426874801	0.962525552868
1427250_at	Atp2a2			"ATPase, Ca++ transporting, cardiac muscle, slow twitch 2"	0.013698630137	4101.540048	5539.538213	7431.202665	4715.287428	5079.778939	5615.037724	5355.182402	4412.62062	2677.591201	3036.850136	3094.94917	2495.580973	5297.478089	5592.276583	5753.523387	5355.182402	0.939187859449	0.51887256514	1.00967946967
1428083_at	Neat1			nuclear paraspeckle assembly transcript 1 (non-protein coding)	0.01799820018	5031.873715	7391.031464	4265.768623	2616.676755	4614.248542	6385.704154	8005.634305	3141.395775	1188.429	1282.035059	1355.209333	1266.507583	3943.634139	6499.080939	6750.132003	2574.506148	1.14719402326	0.263770448507	1.02393132778
1451218_at	Edem1			"ER degradation enhancer, mannosidase alpha-like 1"	0.020397960204	3016.35392	3853.917572	4515.37471	3572.528982	3645.826015	4394.733602	4101.540048	3365.954594	2478.737875	2316.498447	2502.336339	2144.47681	4202.726913	3786.685791	4019.10903	3822.736384	1.03676110677	0.631230036743	1.05836827843
1459860_x_at	Trim2			tripartite motif-containing 2	0.00789921007899	2815.118622	3000.069069	3171.302978	3192.852077	4151.825231	3495.977053	3710.556861	2799.920211	2233.359836	2045.233717	2084.361793	1430.61524	3938.307378	3538.837989	3750.975176	2710.418666	1.16248303798	0.639900752326	1.14444100143
1418923_at	Slc17a3			"solute carrier family 17 (sodium phosphate), member 3"	0.002399760024	3236.368118	3917.045035	3895.87048	2769.769106	3650.757181	2983.872137	3477.102787	2807.518862	1516.374095	1687.533001	2087.180999	1694.401434	2648.739044	3495.977053	2509.127383	2432.206489	0.934886870396	0.505496987452	0.802229369725
1448261_at	Cdh1			cadherin 1	0.002099790021	2739.923694	3012.279659	2826.576445	2908.097653	3137.130872	2884.568883	3791.807476	2458.68296	2167.821119	1820.450755	1251.16817	1440.336314	2254.622215	2613.124234	2861.23048	2383.308511	1.06836607628	0.581513678238	0.88033370976
1449308_at	C6			complement component 6	0.025497450255	3099.156728	3548.441975	3538.837989	2098.525095	3201.494908	2380.089319	2766.00874	2373.647521	985.9105848	1386.75768	1600.747454	2150.281762	2550.227081	3074.082142	2153.205052	3325.187551	0.872712563042	0.498471023921	0.903763643591
1428851_at	1300014I06Rik			RIKEN cDNA 1300014I06 gene	0.002299770023	2739.923694	2620.215943	2584.984653	3425.716384	2915.989885	2409.269389	3028.630791	3621.244819	1724.485162	1898.481204	1990.589468	1837.782093	2967.76265	2004.115583	2012.27254	2389.776527	1.05314419816	0.655302289481	0.824382960658
1436774_at	Sel1l			sel-1 suppressor of lin-12-like (C. elegans)	0.01499850015	2012.27254	2884.568883	3453.65917	2488.826593	2620.215943	2935.783775	2769.769106	2150.281762	1383.00437	1651.372649	1926.958786	1825.37859	2695.766828	2884.568883	3132.893474	2736.222814	0.966485318344	0.626119525552	1.05628807052
1452754_at	Creld2			cysteine-rich with EGF-like domains 2	0.00839916008399	738.931592	2248.535584	4984.385716	1698.999838	2009.554515	3065.762027	2655.927408	823.4555698	505.1153239	709.5217009	870.4544531	611.3517992	2784.803853	5839.86782	7311.44071	2498.956374	0.884585853868	0.278821666753	1.90625059358
1433836_a_at	8430408G22Rik			RIKEN cDNA 8430408G22 gene	0.015798420158	3210.183385	1776.620712	1651.372649	1315.440246	2609.594624	4185.690721	4753.716	1394.285221	1467.891887	833.55004	718.2194934	686.8389284	2495.580973	4254.252654	3890.608235	2478.737875	1.6273459709	0.466014437523	1.64946083652
1416303_at	Litaf			LPS-induced TN factor	0.003499650035	2963.733478	2455.361958	2348.086759	2221.302255	2991.970012	3236.368118	2567.538154	2224.306679	1613.804385	1553.772966	1653.617676	1743.269616	2109.916222	2389.776527	2276.087019	2310.244774	1.10328879403	0.657203270012	0.909649966167
1437277_x_at	Tgm2			"transglutaminase 2, C polypeptide"	0.011398860114	2602.531662	2194.398765	2332.239124	2512.521106	2900.226782	2695.766828	2706.738877	2150.281762	1618.184059	1680.69241	1340.60639	1609.436565	2370.441378	2919.93391	2703.08282	2319.647708	1.08414744062	0.648114490114	1.06963666258
1453282_at	Cxadr			coxsackie virus and adenovirus receptor	0.016098390161	1885.668033	2536.441199	2505.738245	2478.737875	2714.084645	1969.153689	2666.737306	2273.012653	1541.201735	1562.217921	1351.54141	1377.398218	2584.984653	2435.496172	2623.759919	1924.355996	1.02300547254	0.62002938003	1.017223188
1457664_x_at	C2			complement component 2 (within H-2S)	0.002199780022	2432.206489	2438.790304	2239.42091	2061.916222	2260.740992	2273.012653	2432.206489	2095.67604	1594.258657	1705.914943	1362.565625	1589.954759	1845.262055	2273.012653	1803.282863	1908.786461	0.987931343112	0.681690618236	0.853691557245
1427042_at	Mal2			"mal, T-cell differentiation protein 2"	0.020097990201	1719.829701	2641.588446	2294.652541	2452.045441	2915.989885	1955.863537	1977.168347	2313.369497	910.2241159	1018.470163	1419.040451	1053.533154	2670.344204	2584.984653	2276.087019	1977.168347	1.00595898605	0.48322483174	1.04396826834
1451114_at	Cmtm6			CKLF-like MARVEL transmembrane domain containing 6	0.018298170183	1932.188323	2868.99552	2239.42091	2036.943149	2478.737875	1945.304117	2132.884311	1835.299757	1266.507583	1456.015502	1452.084808	1379.270779	2167.821119	2322.785149	1987.900731	2064.705068	0.924503638053	0.611825873238	0.941136544718
1424022_at	Osgin1			oxidative stress induced growth inhibitor 1	0.022097790221	2747.359522	1689.827188	2023.195475	1413.288223	2370.441378	2075.912615	2979.841749	2725.131249	1463.929132	1153.562135	658.6101794	618.8465882	1326.169992	2107.066308	2248.535584	3307.235352	1.28927507312	0.494680096165	1.14165398984
1449139_at	Ostc			oligosaccharyltransferase complex subunit	0.015498450155	1676.155173	2130.003373	2482.090494	1945.304117	2348.086759	2087.180999	2386.532057	1673.879548	1324.369522	1295.991014	1383.00437	1109.143256	2156.117371	2200.354103	2458.68296	2087.180999	1.03183634101	0.620935829831	1.08122644783
1423151_at	Dnajb11			"DnaJ (Hsp40) homolog, subfamily B, member 11"	0.012198780122	1483.881325	2153.205052	2725.131249	1676.155173	2144.47681	2141.56537	1906.195005	1386.75768	1162.963417	953.100145	1349.715851	1057.821142	1916.555419	2245.482868	2553.676393	1817.991829	0.94285187494	0.562750779059	1.06162114179
1433567_at	Gmps			guanine monphosphate synthetase	0.002899710029	1776.620712	2159.03363	2206.31031	1971.817069	1953.221705	1961.171519	1855.278431	1747.988527	1073.688662	1514.315396	1403.759431	1254.563692	2081.546396	1557.989721	1420.969625	1541.201735	0.926529754004	0.646594567293	0.813641246956
1433453_a_at	Abtb2			ankyrin repeat and BTB (POZ) domain containing 2	0.016498350165	2059.116869	1712.858192	1506.139829	2303.992013	2285.350927	1669.360703	2242.449841	1906.195005	805.8106149	918.8910464	628.9820345	638.4186557	1731.503994	2121.369182	2947.732717	1769.418994	1.06874732573	0.394626769284	1.13029597138
1416051_at	C2			complement component 2 (within H-2S)	0.00679932006799	1878.02428	1987.900731	1827.860177	1528.742812	2087.180999	1979.842568	1971.817069	1577.09079	1448.154688	1411.37926	1239.368937	1379.270779	1609.436565	1762.24647	1667.105858	1722.155858	1.05446893747	0.758484240421	0.936091179017
1434277_a_at	Ypel2			yippee-like 2 (Drosophila)	0.01299870013	2543.324799	2218.286513	1587.796163	2061.916222	2130.003373	1771.824505	2006.826251	1883.121016	847.2024787	799.291535	861.0779292	488.3057648	1653.617676	1878.02428	2257.687355	1750.364903	0.926343513302	0.356171967174	0.89637427896
1416059_at	LOC100048726 /// Sec23b			similar to SEC23B /// SEC23B (S. cerevisiae)	0.014598540146	1273.382388	1611.624581	1776.620712	1522.545893	1687.533001	1469.877286	2001.408576	1285.51435	706.6460705	1050.681728	915.16686	732.9535693	1696.704959	1689.827188	1649.1421	1594.258657	1.04206861853	0.55067151448	1.07208066279
1460591_at	Esr1			estrogen receptor 1 (alpha)	0.001899810019	1442.284442	1106.148987	1430.61524	1039.360196	2282.264049	2613.124234	1664.842518	1221.05291	989.9226562	810.1858061	900.4191937	757.1592722	1371.824299	1655.854278	1587.796163	1285.51435	1.55054797652	0.68900064168	1.17586853697
1436050_x_at	Hes6			hairy and enhancer of split 6 (Drosophila)	0.011198880112	1275.113541	1842.769615	1847.757866	1883.121016	1369.961847	1063.563163	1850.269877	1271.6624	928.8971139	888.3115874	940.2841572	1125.788421	1303.034891	1481.866739	1167.696798	1026.779015	0.811162259132	0.567004848169	0.727047810301
1459874_s_at	Mtmr4			myotubularin related protein 4	0.002799720028	1295.991014	1532.881014	1940.052529	1562.217921	1317.219446	1454.048827	1528.742812	1319.001052	640.1499171	875.181238	854.1117317	861.0779292	1520.478815	1193.266028	1070.782685	1407.559311	0.887519457432	0.51025874512	0.820086873268
1431429_a_at	Arl4a			ADP-ribosylation factor-like 4A	0.011098890111	1646.914564	1415.209576	1362.565625	1155.122387	1170.865789	1366.263466	1434.49776	1430.61524	676.6865954	556.8303357	1164.544456	849.4993304	1405.658087	1520.478815	1489.920875	1605.091693	0.968176366486	0.582019721997	1.07909537203
1418206_at	Sdf2l1			stromal cell-derived factor 2-like 1	0.012098790121	844.9112514	1076.602526	1953.221705	1019.849816	1687.533001	1368.111407	1506.139829	699.9810231	719.1924174	442.9548981	691.5041024	539.0289692	1347.883414	2095.67604	2666.737306	1263.079735	1.07501758358	0.488842310682	1.50643538635
1452214_at	Skil			SKI-like	0.013598640136	1103.155155	1252.869122	1553.772966	1852.772462	1600.747454	1329.759842	1209.529298	1800.834643	492.288081	631.5416184	696.2004807	552.3255285	1209.529298	1485.88835	1254.563692	1256.260553	1.03094132325	0.411683646367	0.903458380466
1416181_at	Mesdc2			mesoderm development candidate 2	0.004499550045	1209.529298	1362.565625	1419.040451	1364.408564	1357.042323	1221.05291	1282.035059	1239.368937	744.9583718	885.9097962	922.630388	841.4868988	1239.368937	1338.795601	1222.704446	1151.996006	0.952190718261	0.63391982105	0.924810821709
1423723_s_at	Tardbp			TAR DNA binding protein	0.019498050195	1209.529298	1469.877286	1322.580665	1231.012759	1368.111407	1249.478187	1369.961847	1310.107972	753.0704366	629.8340744	730.9718306	866.9265761	1252.869122	1396.18074	1430.61524	882.3186684	1.01235608731	0.569616455789	0.948210159147
1416362_a_at	Fkbp4			FK506 binding protein 4	0.02899710029	917.6479701	1426.753117	1479.865146	1227.680979	1252.869122	1119.710455	1377.398218	1089.794198	760.2409884	772.6921869	954.3919075	815.6887815	1369.961847	1256.260553	1066.442156	1029.558435	0.958001299263	0.653810050982	0.934733241014
1416488_at	Ccng2			cyclin G2	0.017598240176	1139.59067	1646.914564	1532.881014	741.9386053	1415.209576	1229.34148	1355.209333	987.246132	723.0978117	684.9818732	573.6643281	574.4414328	1115.171592	1522.545893	1687.533001	958.2757166	0.98531642713	0.505042754593	1.04390181538
1418932_at	LOC100046232 /// Nfil3			"similar to NFIL3/E4BP4 transcription factor /// nuclear factor, interleukin 3, regulated"	0.003699630037	1878.02428	1510.227314	1526.66732	1014.341688	1185.220689	1383.00437	1232.677767	1113.657584	123.572936	206.8416631	200.9079719	163.2100402	1401.86334	1246.096429	1242.732438	1694.401434	0.828865644452	0.117136462338	0.941954489084
1435160_at	Ahsa2			"AHA1, activator of heat shock protein ATPase homolog 2 (yeast)"	0.020497950205	826.8065456	1317.219446	1731.503994	1088.322187	1206.264024	988.5834883	1040.773198	859.9130625	697.1440602	709.5217009	838.0764247	773.7389014	1212.811817	1342.428933	1125.788421	944.1112105	0.825071664182	0.60809246171	0.931764327518
1433837_at	8430408G22Rik			RIKEN cDNA 8430408G22 gene	0.013198680132	1613.804385	677.6032575	655.0535318	530.3426632	1011.59914	1885.668033	2176.644374	540.4903313	634.971047	285.2830061	324.877045	258.4375691	1021.231338	1810.622409	1715.17492	1011.59914	1.61481698155	0.4324571467	1.5987752162
1435193_at	A230050P20Rik			RIKEN cDNA A230050P20 gene	0.003899610039	1577.09079	1252.869122	1043.590499	1263.079735	1232.677767	1014.341688	1098.6834	1022.614732	579.1262175	613.8400639	622.2066483	538.2997705	1158.249224	1169.284272	1083.910559	849.4993304	0.850424784896	0.458174451597	0.829521157703
1425185_at	Pppde1			PPPDE peptidase domain containing 1	0.018298170183	1059.251899	1153.562135	1202.999227	1186.823761	1196.504411	1033.748843	985.9105848	1360.725175	490.2928797	596.6342549	600.6867371	408.9500982	1198.122744	1098.6834	1065.001687	1196.504411	0.994405813868	0.455513645738	0.990369698982
1456037_x_at	Preb			prolactin regulatory element binding	0.00889911008899	862.2443739	1062.119221	1481.866739	1394.285221	1098.6834	1144.228921	1147.32627	864.5820057	600.6867371	834.6791945	613.8400639	760.2409884	960.8736992	954.3919075	1006.135573	954.3919075	0.886325759815	0.585238596099	0.80737017574
1435547_at	Mkl2			MKL/myocardin-like 2	0.00989901009899	1150.439978	1159.823854	1148.886051	946.6707916	1138.043509	950.5231804	1244.413297	1052.102829	586.2259411	800.3742818	733.9464525	667.5874391	935.2064048	964.784554	1297.752903	854.1117317	0.995293076879	0.632829686095	0.919659671321
1428715_at	Gfpt1			glutamine fructose-6-phosphate transaminase 1	0.011098890111	687.7693432	989.9226562	1428.682874	1002.057792	1133.430331	1046.42268	1344.244637	797.1304336	424.7496652	631.5416184	447.1726058	461.9404271	1124.267792	1331.56764	1635.799259	997.9965375	1.05179479221	0.478382993362	1.23882551888
1451371_at	Mrap			melanocortin 2 receptor accessory protein	0.002499750025	902.8603214	1032.352534	1060.684591	976.6115297	995.2974934	908.9927642	897.9846663	802.5447338	704.7354613	693.37884	722.1196045	765.4041961	1100.177051	1098.6834	958.2757166	946.6707916	0.907441538682	0.726401908532	1.03305165171
1450904_at	Tmem167			transmembrane protein 167	0.004399560044	815.6887815	991.2636383	1169.284272	966.0914832	939.0121402	876.3667875	960.8736992	862.2443739	614.671592	650.6342685	728.0092646	574.4414328	964.784554	962.1753305	1050.681728	878.7427067	0.922931029404	0.651329986728	0.978199720575
1417027_at	Trim2			tripartite motif-containing 2	0.011598840116	866.9265761	1010.230648	922.630388	958.2757166	1242.732438	987.246132	1112.15334	720.1671584	543.4253287	570.5660122	622.2066483	431.7061994	1033.748843	995.2974934	947.9531833	636.6925178	1.08095545846	0.576867391255	0.961583592778
1428615_at	Lpar6			lysophosphatidic acid receptor 6	0.00509949005099	980.5857594	1297.752903	980.5857594	764.3687569	1040.773198	840.3485348	937.7418441	917.6479701	618.8465882	635.8311998	567.4848235	478.4896803	770.6030041	862.2443739	857.5880544	809.0897863	0.928719678392	0.571833120186	0.82010558817
1441115_at	D18Ertd232e			"DNA segment, Chr 18, ERATO Doi 232, expressed"	0.015198480152	1903.620262	1166.119562	987.246132	519.6815391	1671.618598	1109.143256	1172.449444	726.040391	73.82589314	15.30092535	33.01207688	20.47042287	832.422413	1344.244637	1010.230648	600.6867371	1.02241460495	0.0311600784616	0.827585669956
1416108_a_at	Tmed3			transmembrane emp24 domain containing 3	0.014198580142	615.5042465	975.290369	1070.782685	770.6030041	1003.415212	939.0121402	1182.012847	661.2907906	363.0201955	591.0068329	479.1378583	382.7020981	955.6847584	1050.681728	1196.504411	856.4279088	1.10301052212	0.52907097636	1.18271723684
1417161_at	Cdk2ap2			CDK2-associated protein 2	0.031096890311	724.0773439	989.9226562	1000.702207	769.5605319	865.7537973	937.7418441	1109.143256	655.0535318	420.7434494	697.1440602	610.5247621	471.4166814	819.0081511	1094.229773	999.3484567	841.4868988	1.02394471842	0.631361386292	1.07743691013
1460673_at	Fpgs			folylpolyglutamyl synthetase	0.02099790021	1012.969486	749.0031625	822.3415986	1032.352534	610.5247621	800.3742818	806.9021927	769.5605319	382.7020981	695.2586603	536.1177162	505.7995699	771.6468885	930.1554287	626.4328244	1015.715748	0.825998619533	0.586141376247	0.924594686764
1433733_a_at	Cry1			cryptochrome 1 (photolyase-like)	0.002099790021	720.1671584	1007.499215	1336.987257	821.2291344	1124.267792	717.2478857	761.270836	1268.220599	237.7917743	199.9582506	182.1254845	124.7495672	621.3649268	885.9097962	717.2478857	544.8986098	0.996171873162	0.191623145028	0.712687794801
1454901_at	Ypel2			yippee-like 2 (Drosophila)	0.003899610039	1082.446495	959.5738287	705.6901193	787.4770127	955.6847584	686.8389284	945.3901348	917.6479701	288.7801964	326.6412085	368.466845	217.7610322	704.7354613	710.4828425	882.3186684	663.981852	0.991619775649	0.33991105059	0.837726106836
1423046_s_at	Ncbp2			nuclear cap binding protein subunit 2	0.002199780022	702.8295307	891.9264887	814.5853172	747.9899106	752.0516825	674.8569897	676.6865954	707.6033167	448.3849361	493.623066	549.3428426	582.2710174	798.2102529	840.3485348	709.5217009	711.4452861	0.890371761529	0.656764114927	0.969022739509
1457374_at	Nedd4l			"neural precursor cell expressed, developmentally down-regulated gene 4-like"	0.000799920007999	568.2535572	625.5853857	714.3409417	758.1849453	899.2011061	758.1849453	921.3822531	720.1671584	366.4767846	318.3462589	481.7393625	177.2604659	947.9531833	839.2117108	714.3409417	771.6468885	1.23724084038	0.50399062305	1.22757121891
1454993_a_at	Sfrs3			"splicing factor, arginine/serine-rich 3 (SRp20)"	0.018898110189	699.9810231	632.3975639	733.9464525	911.4571356	758.1849453	607.2277868	813.4833457	745.9675171	344.8172168	379.0924726	410.0590876	430.5389646	754.0905708	741.9386053	672.1213865	780.0495722	0.98222886125	0.52539361498	0.990065747405
1453582_at	Chka			choline kinase alpha	0.00869913008699	726.040391	756.1349867	541.2224974	1086.852164	905.3086947	613.8400639	960.8736992	1642.45713	95.54609461	142.9314911	123.572936	95.48141224	664.8813038	623.8935136	648.8751024	776.8880983	1.3254495735	0.147104550502	0.872771636999
1423269_a_at	Nedd4l			"neural precursor cell expressed, developmentally down-regulated gene 4-like"	0.00529947005299	645.3705791	939.0121402	842.6268048	699.0340883	710.4828425	740.9349104	849.4993304	817.9001964	255.3078346	388.9702483	424.7496652	236.3475337	708.5618596	770.6030041	604.7663256	709.5217009	0.997688345527	0.41758063663	0.89360649964
1437162_at	---			---	0.00919908009199	780.0495722	700.9292406	649.7540901	945.3901348	588.6115331	635.8311998	714.3409417	947.9531833	431.7061994	439.9665403	534.6681766	394.2718776	605.5859819	654.167375	652.3982039	652.3982039	0.938433483486	0.585351356832	0.833695444971
1455118_at	D9Ertd402e			"DNA segment, Chr 9, ERATO Doi 402, expressed"	0.004899510049	817.9001964	866.9265761	941.5578973	586.2259411	716.2775923	580.6966898	726.040391	563.6563351	438.7769715	442.3556684	529.6252154	540.4903313	665.781974	633.2542306	593.4122916	613.8400639	0.805161696044	0.60737151897	0.780140783821
1425011_x_at	Stx18			syntaxin 18	0.020497950205	568.2535572	678.5211613	730.9718306	630.6872685	635.8311998	714.3409417	721.1427207	541.2224974	357.6543058	418.4710472	496.9755272	469.5060701	650.6342685	727.0239093	678.5211613	504.4320036	1.00157318233	0.668066384718	0.981666211127
1417028_a_at	Trim2			tripartite motif-containing 2	0.014298570143	637.5550026	712.4095273	589.4088857	571.3389198	770.6030041	660.3961961	721.1427207	565.9500821	332.890987	328.8596056	433.463288	261.6056701	788.5437551	695.2586603	623.0495101	522.5035395	1.0825979403	0.540412189628	1.04725476827
1454964_at	Rprd1a			regulation of nuclear pre-mRNA domain containing 1A	0.00569943005699	556.0770553	801.4584953	646.2452674	613.8400639	668.4917752	661.2907906	575.9988017	549.3428426	482.392277	428.2139544	370.4674552	441.1593342	493.623066	780.0495722	531.7808445	518.2764391	0.937921998971	0.657938295308	0.88772592619
1425964_x_at	Hspb1			heat shock protein 1	0.003599640036	525.3405	574.4414328	1371.824299	532.5012125	511.3073661	436.4071716	511.3073661	544.8986098	140.7234551	193.0422733	264.8126077	160.7975929	501.0288958	1294.240488	599.0626177	791.7526606	0.667060200327	0.252779217481	1.0605761349
1433632_at	Irf2bp2			interferon regulatory factor 2 binding protein 2	0.010398960104	744.9583718	504.4320036	613.0096607	325.3171342	647.1206926	765.4041961	936.4732664	308.5864704	269.1498852	194.2220246	275.4160833	297.5105462	672.1213865	655.940889	729.9829715	547.8571655	1.21477522853	0.473689448238	1.19115141933
1438643_at	Camk1d			Calcium/calmodulin-dependent protein kinase ID	0.012498750125	652.3982039	408.9500982	327.9704445	734.9406806	600.6867371	537.5715582	816.7937405	718.2194934	317.4855235	314.0655736	307.335796	157.7786294	659.5023546	603.9481974	684.0552293	532.5012125	1.25844870686	0.516257811291	1.16746898333
1432650_at	2510019K15Rik			RIKEN cDNA 2510019K15 gene	0.00689931006899	618.0089838	842.6268048	619.6848983	498.9982688	453.2675279	499.6742283	591.0068329	743.9505917	203.0957162	195.8059778	285.6694599	253.2423714	408.9500982	508.5458353	562.8938205	523.2113401	0.88701677462	0.363589591441	0.776794622345
1441779_at	9530006C21Rik			RIKEN cDNA 9530006C21 gene	0.014798520148	599.8741278	650.6342685	607.2277868	400.1871409	459.4455232	588.6115331	613.8400639	445.9632444	331.5418085	194.3534625	281.4469102	228.791715	453.2675279	720.1671584	625.5853857	521.7966964	0.933539390906	0.458887990211	1.02785455278
1417032_at	Ube2g2			ubiquitin-conjugating enzyme E2G 2	0.00649935006499	418.4710472	476.5500725	662.186597	472.0556053	533.2225562	576.7790687	550.0870006	481.0876653	226.633764	311.9467568	371.47183	279.5481525	642.7549476	553.0737269	522.5035395	573.6643281	1.05514955481	0.586222837817	1.12947221647
1422489_at	Mogs			mannosyl-oligosaccharide glucosidase	0.004199580042	450.8194657	589.4088857	595.0210924	581.4833208	469.5060701	435.8167998	569.7941502	412.285525	282.5922323	370.4674552	372.9837586	336.9717878	543.4253287	553.8229389	469.5060701	468.870922	0.851434406186	0.614875755737	0.918299802397
1428372_at	St5			suppression of tumorigenicity 5	0.00689931006899	470.1420786	767.4792844	528.9087381	458.823985	482.392277	444.7574618	525.3405	465.707724	209.5191062	225.4097328	252.557662	137.2427377	478.4896803	640.1499171	649.7540901	506.4847428	0.861974269525	0.370605848234	1.02225459063
1440576_at	Cpn1			"carboxypeptidase N, polypeptide 1"	0.02699730027	320.0749585	715.3086116	595.0210924	523.9200995	500.3511036	369.465796	404.5448931	515.4776262	372.9837586	303.6138934	304.0251789	270.6112487	533.2225562	403.9976246	552.3255285	484.3553275	0.830812257498	0.580801048046	0.916250451936
1426950_at	Parp16			"poly (ADP-ribose) polymerase family, member 16"	0.003899610039	427.0558659	432.2910029	494.2917441	408.9500982	501.7076061	460.6911266	551.5783422	473.9765916	240.381157	259.1382196	297.9135638	370.9693027	449.6005531	623.0495101	625.5853857	394.8059713	1.12786020583	0.662889893565	1.18748146236
1427785_x_at	Solh			small optic lobes homolog (Drosophila)	0.010198980102	495.6318191	524.6298191	438.1833938	461.9404271	439.3713533	440.5625336	438.7769715	457.58343	314.9170372	354.2809298	323.9986519	276.1627642	460.6911266	541.2224974	392.6739275	439.3713533	0.924967578765	0.660991977983	0.954995204796
1433592_at	Calm1			calmodulin 1	0.00299970003	433.463288	447.1726058	523.2113401	483.0457416	436.9983433	464.4485569	450.2095969	376.5352183	295.1036593	301.565588	344.3505092	293.9076295	416.2112065	401.8159437	449.6005531	367.9683829	0.915892813127	0.654476646018	0.866819744117
1428070_at	Syvn1			"synovial apoptosis inhibitor 1, synoviolin"	0.00629937006299	265.1713316	448.9923332	735.9367658	408.9500982	317.4855235	433.463288	413.9632826	271.3449032	126.1933433	234.7530351	244.9804817	152.7345881	378.5796361	518.9785136	602.3152597	436.9983433	0.772575556742	0.408090816493	1.04186073627
1449089_at	Nrip1			nuclear receptor interacting protein 1	0.004099590041	393.2058566	553.0737269	405.6419365	365.9810146	350.9393713	380.635418	324.877045	447.7783607	286.4439388	258.7876572	288.3895344	243.6575303	349.0442173	346.2204184	463.8202506	312.3693302	0.875620219834	0.627089511193	0.856541152285
1449010_at	Hspa4l			heat shock protein 4 like	0.027397260274	343.4194642	539.0289692	711.4452861	325.7578196	413.9632826	365.9810146	417.3395972	243.1631832	238.4364519	185.735915	193.4347253	211.5139491	398.0260376	536.1177162	407.2926586	213.3835277	0.750369037432	0.431912263456	0.809949049831
1416152_a_at	Sfrs3			"splicing factor, arginine/serine-rich 3 (SRp20)"	0.015698430157	344.8172168	364.497725	434.6384509	419.6058554	421.8841275	330.6453953	483.0457416	408.9500982	213.3835277	194.6167401	214.9782656	193.8279752	458.2032877	378.0674934	421.8841275	419.6058554	1.05178320847	0.522402019362	1.07303945536
1441980_at	C030007I09Rik			RIKEN cDNA C030007I09 gene	0.00899910008999	440.5625336	383.220519	364.497725	386.3460935	350.4646203	429.9565312	396.9498663	368.466845	215.2694823	280.6859422	260.5454048	238.9211896	361.0598023	393.7385063	376.0258413	299.5313088	0.981716933181	0.632163744421	0.90837739718
1434600_at	Tjp2			tight junction protein 2	0.001899810019	357.6543058	382.1843784	355.2414213	413.4032728	388.4440492	391.0821828	417.3395972	415.6481557	203.3708364	264.8126077	254.2729176	191.351049	414.5243383	379.6060039	387.918293	293.1129706	1.06896370759	0.605778906049	0.97791041454
1434087_at	Mthfr			"5,10-methylenetetrahydrofolate reductase"	0.012798720128	356.6872904	467.6032024	680.3607009	420.1742674	428.7940272	314.9170372	356.6872904	469.5060701	42.06449153	57.50848792	79.53274169	48.22793053	447.7783607	378.0674934	396.4125975	477.8423792	0.815608717064	0.118106112094	0.883249346581
1442005_at	AW987390			expressed sequence AW987390	0.018098190181	399.6457675	350.9393713	410.0590876	291.1355087	403.9976246	443.5549395	371.9752959	305.262381	136.4091869	138.7372132	145.0758931	231.1265204	258.0879546	570.5660122	514.7802878	354.7608505	1.05029034649	0.448655397132	1.16973330323
1454736_at	Ankrd57			ankyrin repeat domain 57	0.00649935006499	353.3230352	387.918293	393.2058566	336.5159322	445.359945	342.0276146	357.1704708	304.0251789	193.4347253	262.67025	244.9804817	237.1486754	331.990926	353.8016583	334.2458876	262.3149095	0.984785541227	0.637836613003	0.871778066071
1417273_at	Pdk4			"pyruvate dehydrogenase kinase, isoenzyme 4"	0.010298970103	976.6115297	198.2062987	306.5048304	398.0260376	194.6167401	235.2302844	278.4151678	631.5416184	41.55508149	87.7942774	56.0101738	41.1074507	428.7940272	302.792991	330.198098	457.58343	0.71290858012	0.120502908174	0.808454838163
1439030_at	Gmppb			GDP-mannose pyrophosphorylase B	0.025797420258	206.9816413	336.0606933	541.9556554	366.9732262	342.4909366	310.262172	434.0504718	236.0278026	86.2043042	234.7530351	177.1404649	173.8146651	390.0247861	377.0452854	423.0278981	316.6271153	0.911058957809	0.462758808028	1.03771002351
1449351_s_at	Pdgfc			"platelet-derived growth factor, C polypeptide"	0.001499850015	326.199102	276.9114695	254.7898507	349.5170442	485.6684639	380.635418	376.0258413	317.4855235	164.4298028	172.6421588	195.8059778	148.3530729	363.5119547	432.8768986	335.6060702	302.3831628	1.29186076076	0.564205033683	1.18797195354
1435092_at	Arl4a			ADP-ribosylation factor-like 4A	0.004199580042	464.4485569	347.6293302	310.6824634	317.0560289	279.1699796	314.9170372	320.0749585	453.2675279	107.4891328	133.4862193	229.1016438	211.5139491	269.5144846	300.7502236	288.7801964	344.3505092	0.949724925181	0.473387408806	0.835797835764
1435158_at	Rbm12b			RNA binding motif protein 12B	0.004799520048	256.6940419	456.9644109	400.1871409	449.6005531	283.7424117	222.9816222	259.4892568	363.0201955	172.1752546	175.4696856	200.9079719	221.7774697	277.662397	295.1036593	337.4284949	306.920032	0.722272070906	0.492713089848	0.778481936005
1416481_s_at	Higd1a			"HIG1 domain family, member 1A"	0.00529947005299	279.5481525	371.9752959	373.9949553	280.3060358	296.3047615	322.6852895	358.1387962	259.1382196	205.5853996	199.9582506	211.8006197	226.7871362	275.4160833	360.0835792	273.1879426	229.8783836	0.946732982937	0.64643560081	0.871913523947
1434416_a_at	Solh			small optic lobes homolog (Drosophila)	0.00839916008399	265.5305415	369.9662866	318.7775013	366.9732262	266.2506062	275.0435003	252.557662	347.6293302	155.4463574	227.8642839	252.557662	186.1135133	316.6271153	296.7061458	267.3340883	303.2031644	0.863941881188	0.622125515477	0.89602475235
1427305_at	Piga			"phosphatidylinositol glycan anchor biosynthesis, class A"	0.032596740326	230.1897845	287.9994008	501.0288958	304.4370214	297.9135638	420.7434494	334.2458876	202.2724466	158.5280144	176.4225298	216.731644	184.3581007	346.68942	244.3181106	254.1009572	244.649072	0.948264653707	0.556066521792	0.823294193285
1451755_a_at	Apobec1			"apolipoprotein B mRNA editing enzyme, catalytic polypeptide 1"	0.011598840116	337.4284949	346.68942	324.4375512	216.2919258	328.8596056	300.7502236	310.262172	223.2836805	198.3405705	174.5221087	121.3350037	179.4334435	277.2865829	335.6060702	297.9135638	248.8243734	0.949633145641	0.549971474695	0.946755161475
1428097_at	2510009E07Rik			RIKEN cDNA 2510009E07 gene	0.012398760124	309.0044919	318.3462589	311.524755	231.1265204	359.1097467	297.1080738	279.9268377	218.0560185	171.7097321	137.0570757	139.9634188	184.6078383	301.565588	330.198098	372.9837586	240.5438326	0.986494596466	0.54131364794	1.06434967574
1425676_a_at	Elovl1			"elongation of very long chain fatty acids (FEN1/Elo2, SUR4/Elo3, yeast)-like 1"	0.032496750325	272.4493049	376.0258413	291.9248065	233.9598242	277.662397	318.3462589	286.0564372	274.6714213	140.9140838	125.0030945	205.3072836	157.4585186	279.1699796	388.9702483	184.4829912	291.5298905	0.984993302013	0.535341036764	0.974278182978
1416199_at	Kifc3			kinesin family member C3	0.00629937006299	244.3181106	296.7061458	313.2164122	304.4370214	309.0044919	207.5429333	308.1690145	331.990926	147.4520429	193.9591465	177.6207106	171.361357	294.3057665	255.3078346	262.3149095	274.2996555	0.998299506138	0.595845818866	0.937472237081
1423045_at	Ncbp2			nuclear cap binding protein subunit 2	0.00559944005599	265.8904223	373.4890147	333.3419322	256.0	299.5313088	236.8278605	310.6824634	230.3455633	165.4345782	169.9751462	207.8240779	208.38751	235.3894743	264.096615	270.2451657	244.649072	0.876836053321	0.611710133103	0.825557650764
1442051_at	Hist2h3c1			"histone cluster 2, H3c1"	0.002299770023	255.4806118	376.5352183	373.4890147	236.8278605	406.1914325	411.1707993	400.7292476	213.2390722	70.93560293	64.47830885	82.27059658	74.47839096	183.1144713	265.1713316	285.6694599	180.7744529	1.15213142622	0.235172830976	0.736300116545
1460249_at	Lnx2			ligand of numb-protein X 2	0.017698230177	272.0807353	237.4700895	245.3125104	317.4855235	252.3866866	290.3483449	246.1440405	312.3693302	138.7372132	199.8228837	159.496726	115.5632602	272.8183738	261.2517698	269.1498852	263.0262541	1.02694975918	0.5722205774	0.994309150655
1435798_a_at	Sfrs14			"splicing factor, arginine/serine-rich 14"	0.012298770123	237.9526976	305.6758996	344.3505092	259.1382196	264.8126077	250.8538031	244.3181106	214.5421048	137.7080417	164.2073621	198.2062987	180.8967903	258.4375691	278.7923183	239.8934572	192.1298675	0.849543986576	0.593678150756	0.844946885668
1458302_at	---			---	0.001599840016	225.7150803	313.6407055	311.1033242	249.1616118	226.4803384	220.8784716	291.5298905	222.8308235	115.7981986	175.8264129	165.995463	192.1298675	195.6735576	279.1699796	211.5139491	191.4806768	0.874592034266	0.590885501809	0.798309949692
1415673_at	Psph			phosphoserine phosphatase	0.00919908009199	203.0957162	296.7061458	297.1080738	247.6481443	250.8538031	206.1427625	262.3149095	216.4384493	184.2334225	135.7643608	181.7559773	171.9423358	245.3125104	236.5074797	232.2242785	192.7811256	0.895833311931	0.644958005911	0.868142625552
1426664_x_at	Slc45a3			"solute carrier family 45, member 3"	0.00609939006099	257.0417682	342.0276146	234.7530351	251.02374	227.7101832	294.3057665	255.1349974	309.4232941	58.05606962	89.17182261	177.741037	75.85208856	240.7067852	248.3197156	243.8225923	231.9101253	1.00159292936	0.369472680408	0.889305097662
1448551_a_at	Trim2			tripartite motif-containing 2	0.004799520048	207.4024318	233.0116052	231.2830934	190.5755197	342.0276146	245.1464399	281.4469102	191.2216416	109.6199826	101.0678266	178.7060913	85.217983	336.5159322	261.9600498	257.7388131	191.351049	1.22912701241	0.550419734924	1.21488933225
1454014_a_at	Mkks			McKusick-Kaufman syndrome protein	0.027597240276	175.3510185	284.8970751	309.8424491	201.8622039	276.1627642	307.7521233	247.6481443	179.1907058	128.173393	121.6639551	175.5885548	161.7801732	211.8006197	237.7917743	226.4803384	181.5100977	1.03992065575	0.604150848026	0.882329756359
1436247_at	Ints2			integrator complex subunit 2	0.017698230177	200.6361835	213.8171849	382.7020981	251.3637851	259.8407695	222.3787309	260.5454048	232.5388572	67.65281218	97.7705457	171.361357	117.0591583	258.4375691	253.2423714	239.2448402	194.7485802	0.930172489357	0.432842670735	0.901913207084
1426663_s_at	Slc45a3			"solute carrier family 45, member 3"	0.01799820018	219.3884858	349.0442173	168.8284232	251.02374	236.6676979	282.5922323	230.3455633	318.3462589	16.2840878	53.70818265	157.6718171	44.16537941	250.0061891	283.7424117	235.7083407	202.9582254	1.08061125776	0.275051734808	0.983942181105
1448510_at	Efna1			ephrin A1	0.004899510049	399.6457675	254.1009572	259.8407695	140.4379469	240.8696813	348.5720301	266.2506062	203.2331594	82.43779432	128.0	36.5400322	45.93379254	229.5672449	190.1888686	163.8742083	229.2566862	1.0046488782	0.277898054106	0.771221430055
1434103_at	Slc35e1			"solute carrier family 35, member E1"	0.012298770123	180.7744529	278.7923183	252.2160018	233.1692936	200.0935704	208.6697986	242.0137154	209.8029277	122.1590553	128.347021	188.0129206	148.6545694	195.012393	217.9083999	194.7485802	199.417471	0.910712873719	0.621379207532	0.854103475326
1433751_at	Slc39a10			"solute carrier family 39 (zinc transporter), member 10"	0.02199780022	222.228186	244.8148056	242.1776638	255.4806118	252.899785	157.8854046	303.2031644	196.8692532	152.3216287	72.24395649	130.8914453	69.83977471	247.4806641	250.3448557	243.3279103	153.3561273	0.944186182987	0.440858553482	0.927239952733
1440586_at	B430203I24Rik			RIKEN cDNA B430203I24 gene	0.00539946005399	183.1144713	309.0044919	260.5454048	162.6585671	286.4439388	238.5979769	266.2506062	204.7520378	124.4121867	87.43839413	123.2388231	121.9112961	206.1427625	227.7101832	176.7810716	162.6585671	1.08818922973	0.499278104487	0.844830337738
1419308_at	Invs			inversin	0.00559944005599	186.7445074	231.1265204	222.3787309	226.7871362	182.4957429	205.8638924	207.2621691	180.1636312	107.5618751	127.481227	131.6912791	144.6836411	204.1984351	225.7150803	237.309328	155.8678963	0.894754813968	0.589845743945	0.949314549982
1416151_at	Sfrs3			"splicing factor, arginine/serine-rich 3 (SRp20)"	0.00399960004	151.6015822	171.4774431	237.7917743	242.9987361	247.4806641	192.1298675	273.1879426	225.2572921	79.53274169	96.65195438	104.193755	114.4732738	212.6625226	184.732898	206.5618476	173.9324131	1.16692538359	0.491188815267	0.967681503968
1455618_x_at	Tspan33			tetraspanin 33	0.012298770123	247.9837885	236.1875322	216.8783151	173.1102092	181.1419647	231.5963972	195.9386235	182.0023162	93.75222338	105.0435669	129.3062322	151.0893331	177.9818109	151.9096806	140.0582348	254.6175407	0.90450196966	0.548173607288	0.828872741232
1426934_at	Nhsl1			NHS-like 1	0.019598040196	231.2830934	188.2676092	172.9930178	196.7359775	236.1875322	174.4039615	205.5853996	172.9930178	114.8613808	154.2932352	114.3184143	104.4762348	188.7780217	173.4621396	227.248191	175.8264129	0.999860902542	0.618220975908	0.969636957895
1421469_a_at	Stat5a			signal transducer and activator of transcription 5A	0.002299770023	315.3436342	186.3656288	205.1682956	198.6092492	161.5613168	182.0023162	198.0722552	195.2765633	125.0030945	138.3620995	73.72602143	137.6148167	166.107914	149.7656544	147.2524676	217.4662942	0.813830135516	0.524255050478	0.751631414547
1426631_at	LOC100047009 /// Pus7			hypothetical protein LOC100047009 /// pseudouridylate synthase 7 homolog (S. cerevisiae)	0.00749925007499	216.1455014	202.5464515	253.9289371	148.0520852	214.6874429	162.6585671	199.147699	132.6754839	99.37189692	93.18281442	128.0867116	124.9185571	198.0722552	201.5889849	190.1888686	169.6302903	0.864131285336	0.54292025387	0.925436101774
1427251_at	Atp2a2			"ATPase, Ca++ transporting, cardiac muscle, slow twitch 2"	0.010798920108	161.6706519	189.5462363	319.6419609	201.8622039	170.2054001	217.7610322	188.7780217	152.424711	87.97270086	101.9610977	148.0520852	83.78801552	219.0916969	163.9852222	159.0654834	161.1243803	0.8355122894	0.483286037194	0.80583226494
1422155_at	Hist2h3c2			"histone cluster 2, H3c2"	0.00649935006499	157.0327868	215.1237501	240.7067852	173.5795285	351.8908035	265.1713316	299.9370639	125.4269015	28.77372306	39.55159581	54.1462305	49.55157468	160.9064112	188.9057755	198.0722552	132.0483075	1.32549504354	0.218735695695	0.86456727133
1434369_a_at	Cryab			"crystallin, alpha B"	0.028797120288	870.4544531	116.8216616	151.7041771	107.0534886	102.1683831	102.9319462	122.7392617	119.2182259	87.20198073	102.3067837	87.97270086	90.63227539	117.7744676	106.4753011	167.3493341	99.84387348	0.358784668548	0.295428379608	0.394405821102
1443109_at	---			---	0.014798520148	131.2463053	187.7584465	205.4462234	237.6307951	150.2733115	156.7141892	146.8543306	196.7359775	69.08746158	85.39122987	87.73484282	85.217983	183.3625243	222.0778968	189.1618046	131.6912791	0.853685042937	0.429654047677	0.95303881172
1438975_x_at	Zdhhc14			"zinc finger, DHHC domain containing 14"	0.000899910008999	210.7994072	199.147699	214.9782656	153.8760616	172.8760256	162.6585671	154.5022459	145.3708302	101.1362233	114.6283431	107.853561	106.7639665	153.9803025	154.1888893	117.0591583	141.6791842	0.815878915407	0.552621085995	0.727923075109
1433692_at	Nat10			N-acetyltransferase 10	0.001399860014	210.0871337	202.8209682	184.732898	146.8543306	172.8760256	173.9324131	169.4008144	162.6585671	74.73090042	107.4163653	86.37949637	106.7639665	160.4713571	171.1295393	125.1724279	129.3062322	0.911849668344	0.504087417631	0.787217236281
1434710_at	Dhx29			DEAH (Asp-Glu-Ala-His) box polypeptide 29	0.01899810019	154.9212246	157.6718171	142.6415031	154.711647	149.9685319	161.8896564	214.3970136	124.5808059	90.38722646	90.08181559	103.6310846	90.26495057	197.0024826	165.4345782	151.2940038	130.4491741	1.06703839871	0.613767381866	1.05612633927
1428629_at	Zfp518			zinc finger protein 518	0.013398660134	154.606911	186.239593	140.4379469	132.8552105	174.7585221	161.9993259	169.4008144	145.5677543	75.49352468	85.68067852	95.03012355	109.3976548	162.5485639	138.9251512	207.2621691	123.9079548	1.06120229267	0.595307557106	1.0301302436
1439502_at	Tecpr2			tectonin beta-propeller repeat containing 2	0.001899810019	164.7640861	152.9414874	171.361357	183.4866131	164.5411932	156.7141892	174.8767883	154.2932352	73.92590014	75.59579071	94.38901086	54.36657355	154.0845072	149.8670069	161.3426448	119.0569475	0.967098325612	0.443499670916	0.868854401201
1429863_at	Lonrf3			LON peptidase N-terminal domain and ring finger 3	0.010798920108	167.2360427	182.2488625	205.8638924	181.6330589	207.2621691	91.61919616	139.5849898	179.67651	35.34795874	34.91988736	64.0	36.31810443	136.9642914	178.9481725	125.8521454	186.6180859	0.83874909485	0.23146560397	0.852643371961
1435540_at	Irgq			"immunity-related GTPase family, Q"	0.012798720128	132.3167597	184.732898	146.2591426	140.0582348	134.9397889	119.2989884	128.6079485	195.1443658	78.03952004	116.426931	121.0888319	79.64047938	145.6662659	127.481227	124.0758046	135.9482717	0.957942774425	0.654984013594	0.883660422568
1460011_at	Cyp26b1			"cytochrome P450, family 26, subfamily b, polypeptide 1"	0.00529947005299	67.24191934	158.7427617	161.3426448	45.1019217	165.6586814	85.68067852	270.6112487	62.33255739	44.07577402	45.16301826	20.77754074	21.44920097	189.1618046	364.497725	268.4219795	114.4732738	1.35116477281	0.304016286451	2.1657988867
1422513_at	Ccnf			cyclin F	0.00999900009999	99.57384948	118.8153975	135.6724516	161.7801732	152.8379498	177.741037	201.0439344	142.0633893	55.48188888	90.50966799	118.4139303	70.83959211	173.6971172	148.6545694	95.09443429	127.5674987	1.30599384686	0.649898927598	1.05655172526
1442982_at	Ccdc66			coiled-coil domain containing 66	0.002199780022	184.9831433	141.583369	131.6912791	117.2177305	188.6502236	168.1441761	172.4086084	121.9937984	87.85369134	80.28997728	79.58656472	87.32010742	121.7462901	125.0030945	114.2411027	123.3222238	1.13158037435	0.582214756335	0.841586987924
1431295_a_at	Stx18			syntaxin 18	0.014598540146	120.4348406	136.5939713	127.3949253	137.0570757	161.2335315	155.8678963	138.9251512	102.4453719	74.88282721	72.34182054	88.63023295	101.4791127	157.3520321	165.2107782	182.9905073	100.7944925	1.0709348016	0.646877095102	1.16274231976
1418164_at	Stx2			syntaxin 2	0.002099790021	167.4625862	167.576031	151.9096806	126.7927109	127.0504786	114.5508219	125.7669466	126.8786047	92.80515248	92.5542286	86.14594599	96.58652337	147.1528833	127.0504786	125.2572239	116.3481935	0.805301983726	0.599751108729	0.840433948503
1443869_at	E430028B21Rik			RIKEN cDNA E430028B21 gene	0.014298570143	113.6240955	152.9414874	182.9905073	141.6791842	158.099391	124.6651148	134.1202252	114.1637643	53.05776501	109.9171734	101.2732258	82.9977315	143.0282186	126.7069632	115.5632602	120.5164273	0.898201643735	0.587322696641	0.855522143555
1435279_at	BC059842			cDNA sequence BC059842	0.018098190181	131.5131271	125.0877759	130.3608632	153.0450952	125.8521454	142.83473	125.596809	186.6180859	75.74947581	92.42895711	92.24149561	69.41559924	105.2570459	131.2463053	133.848114	134.6660149	1.07573035053	0.610798771917	0.93520567274
1454070_a_at	Ddhd1			DDHD domain containing 1	0.002599740026	122.5732199	159.3887506	126.9644685	139.2075839	161.2335315	177.6207106	128.0867116	129.5691098	65.80106366	69.08746158	62.33255739	72.2928469	148.1523808	125.1724279	116.1121392	91.30962257	1.08825586185	0.491693487852	0.877060263339
1436833_x_at	Ttll1			tubulin tyrosine ligase-like 1	0.028797120288	119.2182259	111.7174702	166.5582494	127.5674987	119.1375181	131.2463053	145.8636914	103.7714667	76.88594565	78.62275431	56.9275458	107.5618751	132.6754839	119.2989884	132.0483075	119.2182259	0.95230565303	0.6094489024	0.958442123791
1455687_at	Ick			intestinal cell kinase	0.00989901009899	86.8485586	135.4889138	157.0327868	112.476282	126.364289	118.4139303	140.4379469	111.9445902	73.92590014	49.48454129	52.77124078	60.83197757	133.7575948	148.7552731	210.6567012	112.6286461	1.01080462046	0.481885384823	1.23168135679
1415926_at	Nup62			nucleoporin 62	0.01499850015	139.0192638	128.173393	121.5815916	114.7059963	117.7744676	147.0532644	107.9265498	114.6283431	98.36798875	71.65949642	103.0713812	62.755935	124.6651148	144.9777808	115.0169758	114.7836225	0.968027305998	0.667066493483	0.991982305478
1450984_at	Tjp2			tight junction protein 2	0.018298170183	118.9763488	116.9799121	117.138377	117.138377	117.4560324	121.6639551	135.397285	112.7048664	76.52254761	86.3210794	79.58656472	65.93483624	122.324536	113.0104991	146.5564853	100.7944925	1.03612916036	0.655770688571	1.02648261097
1439093_at	---			---	0.016798320168	74.02604262	144.2924496	332.4406519	128.5208841	98.83519714	90.44839516	125.1724279	63.91342076	44.13548052	47.09875437	40.60963063	64.04335579	142.7381333	154.711647	147.0532644	48.22793053	0.557015406373	0.288374769126	0.725372386586
1428892_at	Ppil1			peptidylprolyl isomerase (cyclophilin)-like 1	0.00859914008599	81.60502009	139.868764	174.9952558	162.3285556	113.5471748	87.02506009	136.1324317	123.8240721	47.87016919	54.51400462	68.389503	62.16402442	126.7069632	131.335125	103.841693	88.81035532	0.824142305563	0.416855231859	0.806542727022
1455723_at	D1Ertd448e			"DNA segment, Chr 1, ERATO Doi 448, expressed"	0.001299870013	105.2570459	144.1947672	148.5540369	125.7669466	109.6942429	114.9391918	130.2727024	125.3420775	60.79079581	67.74445692	51.85060796	72.39077719	102.0301696	120.6796829	103.9120389	106.6195361	0.916901789702	0.482607419707	0.827155267155
1422609_at	Arpp19			cAMP-regulated phosphoprotein 19	0.014898510149	117.2177305	116.6636252	187.7584465	85.68067852	117.138377	88.03229657	134.7572423	84.1859749	65.1804316	64.96019238	64.78455489	65.0482347	125.4269015	135.9482717	109.6199826	88.57023245	0.83598811183	0.512444152069	0.905867998071
1442409_at	D9Wsu90e			"DNA segment, Chr 9, Wayne State University 90, expressed"	0.011198880112	186.7445074	202.5464515	138.1749232	84.01517331	65.26872717	85.79680388	215.8530997	55.36936226	8.963505126	9.971917865	8.92113333	8.945319426	101.6854182	325.3171342	107.3437215	20.81978117	0.690598652687	0.0601848175367	0.90790393285
1435349_at	Nrp2			neuropilin 2	0.003199680032	79.21034743	86.672355	110.6637571	110.7387245	118.9763488	97.44018721	110.5140511	110.8136659	58.60886525	75.03501086	61.95397739	71.12791654	115.8765639	117.2970565	161.8896564	93.43544247	1.13028917981	0.688706361716	1.26134109802
1441973_at	Zfp295			zinc finger protein 295	0.011598840116	65.80106366	153.3561273	182.1254845	104.1232184	120.2719163	82.88545212	95.80512975	107.999663	42.63785628	31.27194398	34.01009192	36.17091027	114.0864782	115.2508036	149.9685319	104.6886334	0.805218471162	0.285099173161	0.957635146285
1424140_at	Gale			"galactose-4-epimerase, UDP"	0.01199880012	63.13941549	97.90298892	107.9265498	119.0569475	86.78976425	63.22494624	235.7083407	84.47139667	57.93828196	36.61431753	50.56811164	24.65866858	128.6079485	146.655666	144.1947672	65.80106366	1.21176046699	0.437546511616	1.25058518831
1435574_at	---			---	0.01099890011	70.31409439	130.8914453	136.2246525	96.52113665	95.54609461	91.86758508	110.4392358	78.30410305	54.40340332	43.36553491	57.89909929	61.32812761	113.6240955	106.4753011	130.0964694	67.79034933	0.86681845069	0.500047241957	0.963209898325
1440749_at	---			---	0.017398260174	96.78288231	127.6539173	124.7495672	86.73106982	90.69367279	142.2558331	114.3184143	95.80512975	38.52112681	34.24107284	42.58014625	49.61873328	100.9994061	94.64490903	105.1858623	93.24593964	1.01641506558	0.378422759262	0.904015494577
1452830_s_at	Cad			"carbamoyl-phosphate synthetase 2, aspartate transcarbamylase, and dihydroorotase"	0.00869913008699	71.46574554	63.01131444	126.7069632	92.67960562	70.12398118	56.85053418	124.0758046	74.88282721	56.50524953	64.04335579	52.91430896	42.00758666	85.3334221	146.8543306	139.3017913	93.24593964	0.921069928196	0.608908300835	1.31331802937
1429197_s_at	Rabgap1l			RAB GTPase activating protein 1-like	0.013298670133	93.68882036	132.3167597	92.36644899	96.91398761	76.833949	96.32537552	92.42895711	73.52663218	75.23843838	53.41814601	68.94729277	67.56129142	108.8068066	78.8893147	76.93803081	73.52663218	0.816581585235	0.638512152932	0.814284061404
1430546_at	Cryzl1			"crystallin, zeta (quinone reductase)-like 1"	0.00819918008199	85.68067852	105.1146541	114.7059963	100.931102	93.11979648	104.3348993	95.74033838	85.62273415	32.10849191	51.39634991	57.27541096	71.41736498	96.12994478	86.2043042	86.73106982	88.93066077	0.932055956884	0.522098143792	0.880825328726
1448411_at	Wfs1			Wolfram syndrome 1 homolog (human)	0.00679932006799	89.53469904	110.0661472	120.6796829	96.12994478	74.42797091	101.7542329	94.90150096	67.79034933	48.03246687	67.79034933	47.67612247	54.84712144	96.45586106	91.06274225	107.1985068	83.50490283	0.813798103851	0.524352949278	0.908291305402
1454945_at	Cep97			centrosomal protein 97	0.015198480152	71.17605168	130.7142847	130.184511	87.02506009	80.83532597	79.47889997	79.31764839	94.51687334	59.16692448	61.91203606	74.62980441	48.58836563	93.75222338	79.21034743	77.88118876	76.41897489	0.797300934012	0.582909053965	0.78087045267
1417757_at	Unc13b			unc-13 homolog B (C. elegans)	0.00719928007199	88.81035532	123.572936	162.5485639	55.36936226	65.80106366	73.17906107	88.81035532	81.21926126	26.745254	33.53005629	24.77578734	29.34412938	125.596809	69.13421586	139.0192638	105.3283506	0.71812425519	0.265849182765	1.02039831965
1435937_at	Sptlc2			"serine palmitoyltransferase, long chain base subunit 2"	0.022897710229	71.27246912	113.1635868	93.94282024	80.99966297	104.6177618	89.47408624	87.20198073	70.83959211	66.74310965	54.1462305	59.77071932	48.9183894	95.99990014	89.77743668	83.33548304	79.9645689	0.979839869494	0.638820697045	0.971336211687
1442126_at	---			---	0.00569943005699	102.7926998	97.44018721	100.931102	81.66030212	83.33548304	79.26400722	80.45320559	96.84837921	39.33800802	41.33067441	55.25702556	61.41120472	84.98757308	123.9918943	83.61802134	70.31409439	0.887877501338	0.515476466051	0.947984732209
1424339_at	Oasl1			2'-5' oligoadenylate synthetase-like 1	0.01899810019	75.4424697	71.36906664	74.78147385	105.6139064	79.15677883	93.56207807	131.335125	59.60911297	54.66179761	57.93828196	35.66037576	47.57942725	96.58652337	98.16848188	73.03064159	58.68825877	1.11141628258	0.598519996524	0.997759793749
1436697_at	---			---	0.00589941005899	87.61615507	128.6079485	101.8920725	71.41736498	87.67550925	71.36906664	76.41897489	65.84563955	54.182911	54.03637536	53.92678048	38.54722234	71.95110807	71.51410931	92.0543505	58.01676708	0.773512826438	0.51521439884	0.753558561783
1424638_at	Cdkn1a			cyclin-dependent kinase inhibitor 1A (P21)	0.00729927007299	36.36730213	38.5733088	104.193755	101.5478581	111.6418402	112.476282	72.98120164	70.60027999	14.831833	35.56395827	34.0792103	21.23250964	113.7780145	117.7744676	97.70442515	72.58708623	1.31002098583	0.376609211985	1.43166883784
1454243_at	Ick			intestinal cell kinase	0.015398460154	64.30397426	90.32603652	96.12994478	81.82625957	65.22458705	71.75656874	83.73129308	74.88282721	59.68986145	50.53391329	58.8872338	50.63661288	95.80512975	64.65311608	70.64805807	69.50963191	0.888777894671	0.660723780551	0.903873708934
1456955_at	---			---	0.003099690031	103.2110052	110.6637571	78.99618078	83.78801552	70.50472302	71.65949642	76.21235548	108.1459629	18.60699273	30.89323401	51.78046443	29.60348257	72.09738359	98.30146416	67.10549488	58.09539878	0.866891734193	0.347487218216	0.784794134484
1426441_at	Slc11a2			"solute carrier family 11 (proton-coupled divalent metal ion transporters), member 2"	0.01599840016	78.19817321	89.35304564	80.39879647	64.43470328	73.77591482	79.37138087	106.981016	68.06621585	53.81737058	44.76734952	45.68573941	42.69561494	91.74330656	71.46574554	69.69807956	64.43470328	1.05061005868	0.598512229689	0.951845007888
1439314_at	Clock			circadian locomoter output cycles kaput	0.001399860014	100.5900642	77.82851904	68.20459344	126.278831	67.83622581	82.2149014	76.93803081	108.5860528	28.77372306	34.45030857	37.82350094	19.9640982	65.62315265	64.43470328	78.14523496	64.91626092	0.89990186137	0.324513218695	0.732415879199
1415925_a_at	Nup62			nucleoporin 62	0.00929907009299	70.21897344	140.7234551	80.18136095	78.99618078	67.74445692	65.6675625	95.09443429	50.98054884	33.84932125	33.46202849	59.85168671	22.44435917	77.67061585	90.08181559	66.11359226	61.24512043	0.755125432292	0.404213248777	0.797339154423
1438917_x_at	Nup62			nucleoporin 62	0.004199580042	70.55248533	94.70902472	71.70804101	70.50472302	67.24191934	72.48889038	67.10549488	67.15095443	42.46501928	38.33903183	65.35714235	35.7812777	76.833949	104.193755	67.24191934	67.19644478	0.891090026474	0.591732338273	1.02599174862
1442546_at	C730027H18Rik			RIKEN cDNA C730027H18 gene	0.014298570143	103.6310846	86.90733254	61.28660996	61.61941155	64.69691431	64.60939228	83.33548304	70.69591747	50.02339261	51.04960878	39.31137716	49.68594846	55.29445855	64.74074221	102.3760189	55.36936226	0.903948745495	0.606392405074	0.886219526231
1438331_at	---			---	0.016398360164	85.73872154	78.78259319	73.327833	48.16268776	73.327833	70.40934419	109.5458484	72.58708623	36.12197824	58.8872338	32.74500622	18.93736895	70.45704189	70.64805807	70.74376027	70.50472302	1.13935883549	0.512886422895	0.987209437561
1435057_x_at	Polr1e			polymerase (RNA) I polypeptide E	0.003099690031	64.13011104	79.85639279	100.3180917	68.66785532	79.53274169	60.29903463	81.66030212	82.60538912	31.08201221	49.92193674	40.00936982	50.09115596	69.69807956	65.89019997	57.93828196	55.40683295	0.97164292491	0.546707782954	0.795384366144
1436864_at	---			---	0.003099690031	50.49970307	90.32603652	49.41759857	43.95660322	90.87798867	79.85639279	88.45041458	55.70770588	43.45366627	24.04876662	39.41795428	29.8651487	66.74310965	86.4380128	52.6641753	50.43138704	1.3445456052	0.584054526504	1.09426451296
1416214_at	Mcm4			minichromosome maintenance deficient 4 homolog (S. cerevisiae)	0.022697730227	64.56565331	68.52853783	64.04335579	46.81269766	66.02415375	58.37132856	58.37132856	49.78692474	44.76734952	32.41422108	32.50209932	47.54721714	60.95564806	104.2643394	58.41083081	58.37132856	0.953283469754	0.644520309149	1.15598222623
1458057_at	---			---	0.00919908009199	71.32075153	53.41814601	53.23765057	84.87260184	54.66179761	46.49691198	56.27619961	102.7231117	40.06356783	45.59304943	40.03644578	20.77754074	43.68963052	48.65418504	49.35074641	58.76775982	0.989761697725	0.557242067581	0.76265158867
1429469_at	A930013F10Rik			RIKEN cDNA A930013F10 gene	0.00529947005299	71.56255541	62.16402442	53.67186073	66.2928329	50.19299052	46.46543471	76.93803081	53.12963881	21.5364865	35.95122438	41.19102153	41.07965043	59.60911297	52.1321697	58.01676708	55.74540555	0.893708686774	0.550899449295	0.888889287457
1447903_x_at	Ap1s2			"adaptor-related protein complex 1, sigma 2 subunit"	0.00649935006499	72.1950491	80.07289156	67.65281218	42.6089915	60.91438258	47.06690229	74.07619039	55.55704649	40.25385367	30.08834815	23.95128244	32.06505552	56.20006913	43.01470385	48.42418961	43.8971387	0.905095620107	0.481311327589	0.729578668396
1433536_at	Lrp11			low density lipoprotein receptor-related protein 11	0.014898510149	46.90786717	75.28940747	94.00646031	54.51400462	58.25290129	55.25702556	76.41897489	32.10849191	28.29089671	18.08545514	16.82186783	35.95122438	39.41795428	57.97753133	41.27476225	51.04960878	0.820180435913	0.366246571863	0.700803194284
1417173_at	Atf6b			activating transcription factor 6 beta	0.00509949005099	52.41522406	65.84563955	62.33255739	49.18399437	49.31733716	43.13132107	58.41083081	47.54721714	26.85409132	37.46675173	33.1240001	34.33392766	49.25062064	49.35074641	54.32980636	49.18399437	0.86347348742	0.573506193365	0.879612852527
1428833_at	4930406D14Rik			RIKEN cDNA 4930406D14 gene	0.013298670133	60.21742032	69.60379196	73.37750778	39.01976002	48.68714504	60.13595816	87.02506009	43.92684567	13.05069742	23.51751957	13.0066002	10.16272226	52.73551594	58.80757111	57.78163011	50.15904586	0.989912119343	0.246626679477	0.906139626289
1438879_at	---			---	0.00829917008299	62.71345077	177.741037	36.02428771	37.31490221	36.71358265	36.88795741	80.89008658	42.37886369	22.87381341	19.48348703	31.20849757	17.45994368	36.96295007	37.08826822	37.13850922	32.0	0.627388326557	0.290081503108	0.456318076782
1416549_at	Slc35b4			"solute carrier family 35, member B4"	0.017698230177	43.60099036	55.14491677	62.88347328	38.39096715	44.04596633	46.40257624	45.28549117	38.62556149	27.03649072	29.28459424	35.56395827	29.38387991	60.66750183	49.75325469	38.4169745	38.36500399	0.871709290365	0.606282933808	0.935918456765
1426316_at	6330416G13Rik			RIKEN cDNA 6330416G13 gene	0.002199780022	40.39032921	44.40517766	44.3751472	45.254834	59.36752236	62.71345077	52.6641753	42.35020359	31.71965116	18.79688898	28.77372306	28.98876567	44.46533038	44.67652282	45.77861783	47.45075048	1.24463089897	0.620775266666	1.04555374061
1453434_at	1110019D14Rik			RIKEN cDNA 1110019D14 gene	0.003599640036	46.1832245	41.02404942	58.25290129	41.07965043	42.03604403	51.11876227	40.60963063	41.21889716	20.08609211	37.11336736	31.97833678	24.24489331	46.3084319	52.55732705	51.50080222	49.88814081	0.938048127201	0.608034714147	1.07352251077
1441840_x_at	Sbno2			Strawberry notch homolog 2 (Drosophila)	0.029497050295	43.83775462	67.83622581	29.62353698	63.22494624	42.150008	43.92684567	40.66464178	48.35868134	22.68876222	27.22012902	20.33232089	36.29354311	43.57150376	49.55157468	44.10563245	43.77842054	0.856141539003	0.520895129751	0.88502323021
1427327_at	Pilra			paired immunoglobin-like type 2 receptor alpha	0.024097590241	48.26056833	46.81269766	38.91425952	24.54212047	62.67103873	76.67806365	75.39139699	32.83378125	33.32640977	24.42610629	11.67153171	21.44920097	34.0792103	30.91414071	44.34510631	38.70408667	1.56169074301	0.573225583002	0.933847691861
1437112_at	Pld1			phospholipase D1	0.00199980002	38.44297282	37.49213299	35.90258955	39.31137716	66.65281953	61.120905	65.40141751	37.59377796	28.8127009	19.40450869	25.19862311	25.99559011	29.28459424	37.6956985	45.62393572	32.32655804	1.52676371844	0.657704484405	0.958859912824
1450928_at	LOC100045546			similar to Id4	0.017598240176	64.82844216	57.4306904	34.10229672	40.17218422	33.59822239	41.19102153	58.2134655	42.06449153	15.7261978	30.08834815	15.89205735	12.5185538	33.80352987	46.84441018	65.6675625	33.50735726	0.890774854399	0.377671563547	0.914972541376
1438728_at	Nif3l1			Ngg1 interacting factor 3-like 1 (S. pombe)	0.004599540046	31.20849757	56.65844099	51.22268595	46.24578582	46.33980281	64.17351048	48.75309826	39.68569044	13.94579235	22.88930892	18.80960959	22.05281623	42.63785628	40.36298595	45.62393572	31.10304667	1.07347053451	0.419226563082	0.86183112194
1434068_s_at	AI662270			expressed sequence AI662270	0.011198880112	67.65281218	36.6639165	36.73845369	36.86301072	55.10762321	39.63200361	38.23537186	37.16364236	26.76337215	22.65806885	26.04843875	26.5288825	33.62095967	44.34510631	44.5859113	36.76331609	0.956274555655	0.573290232317	0.895441273335
1452151_at	Gramd4			GRAM domain containing 4	0.010298970103	60.95564806	32.96741812	33.07918993	40.71972745	33.03441749	35.97555404	48.65418504	42.03604403	22.00807414	26.98163746	24.52550606	14.61260007	40.19939823	26.51094148	35.97555404	27.31239645	0.95217214351	0.525439872934	0.77508199844
1458972_at	9330112F22Rik			RIKEN cDNA 9330112F22 gene	0.004699530047	19.50988001	61.120905	62.29040295	78.62275431	41.86564654	18.93736895	22.78110782	99.30462458	18.48147504	17.74590198	10.73912838	10.31519365	20.83387076	19.02731384	23.75753089	18.95019777	0.825519064146	0.258556828334	0.37269767981
1426932_at	D19Bwg1357e			"DNA segment, Chr 19, Brigham & Women's Genetics 1357 expressed"	0.00719928007199	28.75424396	34.31068443	39.15205152	53.23765057	29.18566428	28.25262477	29.58346224	44.49545272	12.68059908	19.84284522	19.91011985	27.38646211	40.5546939	32.96741812	32.94509998	53.63552619	0.846016639092	0.513461876391	1.02990009172
1418351_a_at	Dnmt3b			DNA methyltransferase 3B	0.002899710029	53.78093753	43.60099036	29.98668215	38.05462768	32.06505552	29.98668215	40.96855206	50.84270911	10.51256634	11.51848444	13.05952935	10.96314638	29.98668215	31.91347932	30.04764462	24.77578734	0.930117200949	0.278399378133	0.705605784524
1448165_at	Casp2			caspase 2	0.002799720028	30.87232005	31.25077363	49.01780578	28.27174446	30.95601803	32.10849191	40.6921894	37.08826822	20.62341012	25.40414492	24.0650414	15.8383704	34.1947515	25.85520789	27.22012902	28.25262477	1.01027398663	0.616378575313	0.82863870831
1419339_at	Neu3			neuraminidase 3	0.004599540046	20.18149297	22.11260365	26.43924363	22.47476304	39.90116598	31.65529642	39.47135115	20.14054754	19.56277327	9.156676158	14.72678903	8.139284629	30.43657252	91.92981932	26.56481941	22.27786387	1.43812179355	0.565580482723	1.87712570423
1443257_at	9630050E16Rik			RIKEN cDNA 9630050E16 gene	0.010798920108	23.78971363	30.06797908	28.10003457	29.30443263	29.00838354	29.42368429	31.20849757	35.03825448	15.69960112	23.9027052	14.99334107	17.98777702	28.92995151	33.1240001	29.80455649	29.62353698	1.12058601038	0.652363970542	1.09185409647
1445201_at	Zfp53			zinc finger protein 53	0.015598440156	24.84297423	24.39304573	41.58323232	31.74111714	23.48570506	34.45030857	25.57669594	24.49232794	17.49542735	14.94773513	13.50452508	19.24753782	42.58014625	24.31064052	30.25171443	28.85173154	0.881239490556	0.531943773412	1.02801772984
1439348_at	S100a10			S100 calcium binding protein A10 (calpactin)	0.016298370163	19.40450869	22.61209879	35.9999251	46.43397875	21.83002685	27.01818768	25.68077792	27.03649072	13.95523003	12.76671988	20.98958882	12.62065604	44.3751472	29.7440872	26.29646559	29.80455649	0.816111417178	0.484788645103	1.04636176331
1447232_at	---			---	0.011898810119	21.96342284	36.63912132	18.2700161	27.12815448	22.6734182	23.54937719	35.80549234	18.92456193	13.52740308	13.33195086	15.86519117	16.0	26.61882529	23.37468471	44.91912749	31.84873133	0.970693806407	0.564655207003	1.21885093902
1421679_a_at	Cdkn1a			cyclin-dependent kinase inhibitor 1A (P21)	0.00589941005899	12.25860578	8.630086382	25.69817496	56.27619961	22.06774026	33.59822239	23.96750785	15.12074167	4.854413491	4.844564564	5.565699432	4.844564564	37.49213299	47.38655908	29.42368429	25.31830644	0.921168454144	0.195495260737	1.35734513111
1431890_a_at	Mllt3			"myeloid/lymphoid or mixed-lineage leukemia (trithorax homolog, Drosophila); translocated to, 3"	0.004899510049	36.12197824	28.67649906	25.82023095	19.81600181	19.07889882	22.11260365	28.3867937	19.97762256	16.93611423	16.08688399	16.55078798	18.48147504	19.09182351	21.81526358	19.2866544	27.89158469	0.810939954307	0.616248833388	0.797623556327
1421091_at	Serpina12			"serine (or cysteine) peptidase inhibitor, clade A (alpha-1 antiproteinase, antitrypsin), member 12"	0.00669933006699	20.55372535	66.20315192	13.46801194	27.07311525	31.63386656	12.92760395	15.12074167	13.45889442	12.22545284	12.64202791	9.218870488	11.55361964	13.70713355	17.28355397	12.97143333	14.42586577	0.574566010758	0.358528565091	0.458671656855
1452657_at	Ap1s2			"adaptor-related protein complex 1, sigma 2 subunit"	0.001899810019	29.84493073	17.47175953	21.5364865	20.09969912	20.72136303	19.37825825	20.24991574	21.1751018	11.12386318	10.36068151	11.7866514	14.57802122	16.75367863	16.70838052	20.45656489	16.74234841	0.916492446292	0.537916473601	0.794364114155
1425059_at	Prmt6			protein arginine N-methyltransferase 6	0.00719928007199	20.98958882	20.42889124	21.44920097	18.70803334	16.87888852	19.65568858	21.42016963	21.31892814	6.897784228	9.545911756	17.06268756	10.65585167	19.10474372	18.36922684	18.56925461	19.48348703	0.971780332936	0.541364982888	0.925848002476
1435905_at	Fam48a			"family with sequence similarity 48, member A"	0.00299970003	13.59625104	21.52190682	24.85978648	13.61927499	18.84784925	13.57785802	13.54113722	13.58245159	11.51068671	11.47568208	8.459462501	10.43811285	16.85605475	19.16951591	13.61466897	13.55489469	0.809124266136	0.56909682896	0.858661983364
1445650_at	LOC100045489			hypothetical protein LOC100045489	0.01599840016	15.61481964	14.48457049	22.5052237	18.53158019	12.62065604	12.59931156	28.29089671	17.78197913	5.601604011	5.563813264	5.539389559	5.580788607	24.67537321	12.62919694	20.53982522	13.93635139	1.00220210572	0.313280682893	1.0090608269
1448272_at	Btg2			"B-cell translocation gene 2, anti-proliferative"	0.003799620038	11.47956445	12.07739998	16.53959497	11.47956445	15.47277437	19.04020359	20.44273047	11.48344814	9.061111297	10.45225267	6.749978936	7.08470116	11.4873411	16.66320488	11.47956445	11.48344814	1.28817661372	0.646579106254	0.991031406677
1419122_at	Mettl1			methyltransferase like 1	0.003199680032	13.57785802	10.90763179	14.31885274	15.94054445	11.16913071	10.94090368	15.03398954	12.51432004	7.006014626	8.032555256	9.988811279	7.254554392	10.69922208	10.81938807	10.97799742	11.55361964	0.90708642745	0.589679462723	0.804645504337
