Probe Set ID	Gene Symbol	UniGene ID	Rep. Pub. ID	Gene Title	Pvalue	V_778	V_781	V_782	V_783	C_776_3umol	C_777_3umol	C_779_3umol	C_780_3umol	C_767_10umol	C_768_10umol	C_769_10umol	C_770_10umol	C_634_30umol	C_635_30umol	C_636_30umol	C_637_30umol	C3(fold-change)	C10(fold-change)	C30(fold-change)
1422478_a_at	Acss2			acyl-CoA synthetase short-chain family member 2	0.00879912008799	12180.36715	10768.50237	7635.145845	12363.07499	8981.931474	7655.813659	9874.760209	10009.34536	14543.93463	15562.43294	13946.15693	13264.75124	12196.84171	9808.181765	10580.64532	7311.44071	0.850391735508	1.3346020712	0.928982829226
1435007_s_at	AI132487			expressed sequence AI132487	0.012098790121	7823.454149	6916.66084	7048.985879	9030.749421	6472.736236	9354.274177	7281.803022	7512.097122	14642.65961	16562.46746	13518.6175	14622.88142	7010.929441	8292.434522	8718.353585	9689.389143	0.993545077924	1.92559747804	1.09381150054
1429514_at	Ppap2b			phosphatidic acid phosphatase type 2B	0.00799920007999	9030.749421	6282.79155	5863.636683	8038.218061	6677.442813	7823.454149	7812.886822	9968.771431	9481.765514	12130.99276	12147.40054	11775.00458	7001.45961	5847.766538	6463.948552	6823.659771	1.10498435585	1.55860163039	0.894625379234
1436555_at	Slc7a2			"solute carrier family 7 (cationic amino acid transporter, y+ system), member 2"	0.017898210179	9430.574856	4664.478248	5162.950318	5018.254767	5927.466957	8192.0	7461.396707	4639.295416	13482.02888	11775.00458	10666.94922	18733.85262	6282.79155	5800.453563	5072.882397	6282.79155	1.08007415623	2.25149340868	0.965507899839
1422479_at	Acss2			acyl-CoA synthetase short-chain family member 2	0.01399860014	5776.940819	6148.164283	3917.045035	6148.164283	5114.26074	4448.613359	6231.958885	6359.819036	8337.447174	9116.72536	8236.467477	7908.673388	7116.144052	5004.672679	4870.992343	3843.486804	1.007473181	1.52791418791	0.947476033314
1434036_at	Mtss1			metastasis suppressor 1	0.021397860214	3655.720355	5268.877783	5162.950318	4645.570299	5142.057402	5927.466957	5240.431886	4708.885737	5554.533362	6605.490594	7760.210115	9755.161216	5326.27056	5494.719045	4090.467435	4734.446316	1.122015093	1.58411397884	1.04872571476
1438157_s_at	Nfkbia			"nuclear factor of kappa light polypeptide gene enhancer in B-cells inhibitor, alpha"	0.000999900009999	3036.850136	2872.875982	4002.817152	4740.882757	4202.726913	4811.996907	4347.408656	4857.808826	7145.057965	6614.470704	6768.451061	8326.185584	4607.984025	4347.408656	5212.139565	5668.494877	1.24339122253	1.96910710579	1.35367845625
1427000_at	Hnf4a			"hepatic nuclear factor 4, alpha"	0.001799820018	2959.730293	2963.733478	4096.0	3817.572922	5276.004208	5011.47649	3812.39001	4805.497228	5737.99104	5927.466957	5532.017481	7048.985879	4068.355402	4029.988482	4818.538778	4977.653186	1.36628733127	1.75228713307	1.29323468926
1416418_at	Gabarapl1			gamma-aminobutyric acid (GABA) A receptor-associated protein-like 1	0.012798720128	4073.886298	3582.224402	3365.954594	3049.210428	3214.525322	4509.24443	3970.431252	3543.64901	6049.079894	6963.659759	5816.195306	6274.261743	4394.733602	3356.844517	3986.591315	4035.467218	1.08290465734	1.78400290052	1.12098127872
1426722_at	Slc38a2			"solute carrier family 38, member 2"	0.002499750025	2666.737306	2721.450349	3869.603413	2803.726679	3175.592327	3514.978136	2796.138292	2609.594624	5745.751965	4583.106197	6786.819835	6991.954106	3562.884499	3885.353097	3184.210508	3421.065474	1.00288401781	1.99872293095	1.16515299921
1423747_a_at	Pdk1			"pyruvate dehydrogenase kinase, isoenzyme 1"	0.014798520148	2912.031003	3167.019423	2445.408892	4057.372375	2655.927408	2495.580973	3223.249162	3991.983383	4747.295042	5384.251183	4079.396437	4708.885737	3922.343038	3538.837989	3558.072026	2777.266681	0.982904653929	1.50374197181	1.09654302097
1426516_a_at	Lpin1			lipin 1	0.00829917008299	579.911123	973.9703205	1779.036013	1264.796881	2591.982029	1620.372735	2144.47681	752.0516825	6722.769639	2706.738877	7718.260383	11507.04677	2399.503164	3094.94917	1379.270779	1121.22492	1.54617767322	6.23240453094	1.73889620932
1417042_at	Slc37a4			"solute carrier family 37 (glucose-6-phosphate transporter), member 4"	0.01099890011	1788.692903	2539.889469	2728.817128	2838.080902	2452.045441	2861.23048	3293.829128	2699.431701	3965.068295	3670.599513	4917.365919	4035.467218	2799.920211	3000.069069	2428.904413	2045.233717	1.14259604291	1.67637146163	1.03826464129
1454617_at	Arrdc3			arrestin domain containing 3	0.02099790021	1413.288223	2285.350927	784.2848924	3439.659403	1202.999227	1234.345026	1940.052529	4365.103057	3529.284459	9689.389143	5004.672679	4773.064114	1070.782685	718.2194934	2405.998454	1351.54141	1.10349103916	2.90264035128	0.700092599923
1418760_at	Rdh11			retinol dehydrogenase 11	0.00749925007499	2912.031003	2215.29022	1680.69241	2522.747325	1921.743402	2188.459545	3020.454628	2822.758521	3276.023521	3444.311717	3529.284459	3316.18781	3231.974276	2248.535584	2923.883269	2796.138292	1.06673144246	1.45388008203	1.20038777881
1448667_x_at	Tob2			"transducer of ERBB2, 2"	0.002699730027	881.1250671	940.2841572	1288.994149	2419.058596	1847.757866	2458.68296	1562.217921	3016.35392	3128.6618	5562.084704	4335.642238	4620.489547	2042.457014	1791.112201	2059.116869	2606.069782	1.60684940349	3.1914277351	1.53699508437
1434442_at	Stbd1			starch binding domain 1	0.018898110189	1287.253074	2012.27254	2495.580973	2422.347286	2297.772102	2004.115583	1705.914943	2118.503798	3103.348495	3347.759095	3214.525322	4288.953621	2613.124234	2092.84536	1813.071368	1898.481204	0.988908067096	1.69816426702	1.02434674975
1459141_at	1810008I18Rik			RIKEN cDNA 1810008I18 gene	0.004499550045	2574.506148	2904.169616	1396.18074	2747.359522	2045.233717	1456.015502	2888.47041	2645.161329	3864.376647	3534.057995	2963.733478	3094.94917	2020.462696	1646.914564	1759.866161	1079.516815	0.938960519447	1.39854657738	0.67622263088
1448181_at	Klf15			Kruppel-like factor 15	0.013498650135	1687.533001	1607.262661	2412.528048	2141.56537	2150.281762	2389.776527	2588.480976	1893.342896	2663.13528	2472.029081	3197.170572	3645.826015	2386.532057	2170.753207	1701.297822	1932.188323	1.1494470197	1.52609634636	1.04355805331
1417629_at	Prodh			proline dehydrogenase	0.003599640036	1901.048996	1607.262661	1676.155173	1961.171519	1715.17492	2245.482868	2127.126327	2025.945992	2509.127383	2788.570442	2991.970012	3258.336752	2641.588446	2303.992013	1682.977297	2023.195475	1.13548009439	1.6160913868	1.21077401464
1424744_at	Sds			serine dehydratase	0.003599640036	2239.42091	1290.737579	1320.794223	1626.967819	1872.94134	2983.872137	2900.226782	1461.941635	2987.907976	3384.225531	3740.823026	3529.284459	1545.384374	1465.909171	1106.148987	1733.857959	1.42313908451	2.10595991827	0.9032683348
1427963_s_at	Rdh9			retinol dehydrogenase 9	0.00789921007899	1607.262661	842.6268048	1403.759431	1283.769077	817.9001964	2107.066308	1620.372735	1872.94134	2739.923694	3491.254953	4271.5679	4490.965737	2095.67604	1560.096982	1252.869122	1940.052529	1.24932030295	2.91853074063	1.3331005396
1451200_at	Kif1b			kinesin family member 1B	0.00769923007699	1731.503994	1581.359866	1557.989721	1774.220988	1747.988527	2020.462696	1638.011761	2279.18134	2880.672627	2915.989885	2904.169616	2645.161329	2138.672706	1306.562117	1759.866161	1820.450755	1.15659263778	1.70742906482	1.05725702038
1424815_at	Gys2			glycogen synthase 2	0.00569943005699	1346.062796	1620.372735	1705.914943	1444.235205	1626.967819	1469.877286	1557.989721	1426.753117	2655.927408	2452.045441	2182.551529	2602.531662	1611.624581	1411.37926	1415.209576	1256.260553	0.994278223532	1.6174147734	0.930988997596
1444691_at	Prkd3			protein kinase D3	0.00499950005	2034.177701	1030.958111	1054.958111	1377.398218	1278.565185	1620.372735	1537.041071	1911.368192	2380.089319	2553.676393	2428.904413	2803.726679	1155.122387	850.6500903	1301.265831	1510.227314	1.15458958743	1.84927900636	0.876266031628
1455265_a_at	Rgs16			regulator of G-protein signaling 16	0.00729927007299	33.21380262	123.1553934	41.78073595	403.9976246	79.9645689	113.0869779	147.7517082	193.9591465	3606.565725	5592.276583	4466.719673	8158.792873	160.7975929	181.3873456	297.5105462	145.1741725	0.888091956307	36.2441973165	1.30345070512
1418288_at	Lpin1			lipin 1	0.021097890211	315.3436342	456.3459128	872.8143433	576.7790687	1073.688662	692.4408367	832.422413	270.9778277	2773.51536	1180.416273	3158.44777	5428.16929	1059.251899	1428.682874	537.5715582	405.0929031	1.29183440037	5.64563314286	1.54442243407
1439036_a_at	Atp1b1			"ATPase, Na+/K+ transporting, beta 1 polypeptide"	0.00979902009799	901.6389314	955.6847584	949.237312	1264.796881	1047.83802	1037.956308	1037.956308	1303.034891	1942.676549	1574.949659	2112.769991	1694.401434	1237.694892	1100.177051	1317.219446	895.5567213	1.08729953358	1.79910433911	1.11772245067
1448908_at	Ppap2b			phosphatidic acid phosphatase type 2B	0.010198980102	1175.631333	846.0557962	840.3485348	1158.249224	869.2769018	1145.776549	1100.177051	1520.478815	1185.220689	1805.721894	2239.42091	1719.829701	1036.554315	767.4792844	701.8787425	1145.776549	1.15307980552	1.72878126492	0.908315950892
1449668_s_at	Fnip1			folliculin interacting protein 1	0.002599740026	1134.97122	1100.177051	1002.057792	1076.602526	1239.368937	1166.119562	999.3484567	1012.969486	1609.436565	1357.042323	1477.866257	2173.704328	821.2291344	797.1304336	1082.446495	850.6500903	1.02410812871	1.53415464234	0.823276248825
1419172_at	Dhfr			dihydrofolate reductase	0.004299570043	1028.167785	936.4732664	897.9846663	1019.849816	1172.449444	1153.562135	901.6389314	895.5567213	1283.769077	1526.66732	1587.796163	1667.105858	1188.429	1207.895558	1110.651128	989.9226562	1.06200469157	1.5622348075	1.15825542316
1438211_s_at	Dbp			D site albumin promoter binding protein	0.00589941005899	37.51750543	42.00758666	27.27544823	32.92281978	44.13548052	26.08372483	25.61134297	26.08372483	3338.721406	4472.761139	2159.03363	6795.999354	26.54685407	36.86301072	26.15444045	34.75481595	0.872540375945	119.997941053	0.889751871849
1452828_at	Fbxo21			F-box protein 21	0.00899910008999	1229.34148	695.2586603	673.0318644	769.5605319	659.5023546	954.3919075	1033.748843	980.5857594	1432.56015	2078.720393	1560.096982	1793.534772	643.6256447	444.7574618	752.0516825	1021.231338	1.07752343386	2.03876440755	0.849867091322
1429089_s_at	2900026A02Rik			RIKEN cDNA 2900026A02 gene	0.00529947005299	917.6479701	734.9406806	841.4868988	1231.012759	959.5738287	855.2687398	932.6771742	877.553943	1182.012847	1961.171519	1551.674247	1355.209333	815.6887815	594.2161475	736.9336901	888.3115874	0.973151073339	1.62414081089	0.814786108446
1456295_at	B230114P17Rik			RIKEN cDNA B230114P17 gene	0.015198480152	855.2687398	910.2241159	722.1196045	1037.956308	583.059781	1083.910559	1112.15334	671.2121403	1534.954313	1162.963417	1701.297822	1287.253074	829.0486765	868.1009435	907.7630782	571.3389198	0.978660762888	1.61292233959	0.900918923111
1422648_at	Slc7a2			"solute carrier family 7 (cationic amino acid transporter, y+ system), member 2"	0.022697730227	966.0914832	700.9292406	839.2117108	784.2848924	713.3745808	1022.614732	801.4584953	705.6901193	1151.996006	1301.265831	1390.521176	1594.258657	868.1009435	728.0092646	635.8311998	933.941257	0.985601230782	1.65264033876	0.962123079834
1456702_x_at	Mat2a			"methionine adenosyltransferase II, alpha"	0.002099790021	668.4917752	673.0318644	677.6032575	1007.499215	717.2478857	705.6901193	667.5874391	833.55004	1070.782685	1199.751582	1066.442156	1357.042323	796.0520751	833.55004	1066.442156	1033.748843	0.966117179922	1.55090803163	1.23232701231
1436763_a_at	Klf9			Kruppel-like factor 9	0.02199780022	887.1098789	842.6268048	841.4868988	593.4122916	829.0486765	883.5138865	968.710655	578.3427752	1062.119221	951.8107905	1273.382388	1506.139829	648.8751024	705.6901193	843.768255	782.1643656	1.03001296923	1.51469313349	0.941813832894
1424175_at	Tef			thyrotroph embryonic factor	0.014898510149	460.0679033	439.3713533	489.6296112	456.9644109	491.6221134	501.0288958	403.4510963	425.9012046	1589.954759	1961.171519	1415.209576	3000.069069	466.9706285	465.0777143	397.4875877	409.5040756	0.986982916897	4.31541782855	0.942041525559
1429166_s_at	Clmn			calmin	0.003099690031	698.0884346	716.2775923	699.9810231	710.4828425	699.0340883	826.8065456	786.4117133	699.9810231	911.4571356	1007.499215	1000.702207	1383.00437	641.8854283	698.0884346	763.3347184	647.9973038	1.06634150902	1.52315824009	0.973972235427
1460624_at	6330564D18Rik			RIKEN cDNA 6330564D18 gene	0.018898110189	486.9851603	621.3649268	862.2443739	725.0582031	754.0905708	682.2057005	492.9552924	784.2848924	966.0914832	889.5149237	1390.521176	1358.877791	812.382865	681.28234	574.4414328	663.981852	1.00663430873	1.70830813451	1.01351651353
1418183_a_at	Cyth1			cytohesin 1	0.011198880112	672.1213865	609.6988438	632.3975639	869.2769018	757.1592722	634.971047	848.3501272	647.9973038	1042.180897	996.6464472	1095.717369	1188.429	670.3041241	688.7010183	622.2066483	559.8536753	1.037716276	1.55307416946	0.912904727159
1455029_at	Kif21a			kinesin family member 21A	0.002599740026	645.3705791	558.3399591	558.3399591	654.167375	664.8813038	602.3152597	670.3041241	676.6865954	946.6707916	1029.558435	858.7497716	850.6500903	701.8787425	663.0836169	723.0978117	611.3517992	1.08193359257	1.52537117234	1.1172055307
1434831_a_at	Foxo3			forkhead box O3	0.010798920108	621.3649268	641.0170853	616.3380289	579.911123	627.281411	637.5550026	690.5686352	523.2113401	876.3667875	964.784554	771.6468885	1174.04338	641.8854283	676.6865954	705.6901193	492.288081	1.00812859822	1.54022354611	1.02355744157
1429351_at	Klhl24			kelch-like 24 (Drosophila)	0.017398260174	783.2239114	579.1262175	421.8841275	445.9632444	699.0340883	518.2764391	599.8741278	458.823985	997.9965375	1085.376604	829.0486765	1057.821142	513.3880839	527.4786899	730.9718306	528.19323	1.02054129259	1.78022034308	1.03131307141
1416933_at	Por			P450 (cytochrome) oxidoreductase	0.015398460154	563.6563351	450.8194657	607.2277868	254.2729176	334.2458876	528.19323	284.5116662	503.7496077	1161.392575	1247.790487	959.5738287	1752.73236	523.2113401	427.0558659	451.4301607	649.7540901	0.879915279815	2.73003912176	1.09353792604
1448568_a_at	Slc20a1			"solute carrier family 20, member 1"	0.00989901009899	324.4375512	507.1708438	767.4792844	590.2073185	388.9702483	488.96724	412.285525	582.2710174	912.6918257	1251.16817	996.6464472	1222.704446	670.3041241	609.6988438	483.0457416	475.9053953	0.855295440996	2.00211067632	1.02268269326
1434477_at	Heca			headcase homolog (Drosophila)	0.003599640036	572.1128745	573.6643281	513.3880839	549.3428426	659.5023546	608.0503577	523.2113401	658.6101794	989.9226562	956.9793607	939.0121402	918.8910464	549.3428426	412.8440206	610.5247621	484.3553275	1.10906281011	1.7227942942	0.931428291205
1422842_at	Xrn2			5'-3' exoribonuclease 2	0.004199580042	634.971047	494.9613281	441.7569432	482.392277	565.1844645	526.7651164	716.2775923	596.6342549	831.2963115	760.2409884	906.5350558	768.51947	593.4122916	553.0737269	620.524344	660.3961961	1.17077210253	1.59029311843	1.18174787416
1422100_at	Cyp7a1			"cytochrome P450, family 7, subfamily a, polypeptide 1"	0.018098190181	526.7651164	632.3975639	657.7192112	411.7277849	261.9600498	335.1520621	123.3222238	815.6887815	937.7418441	1167.696798	670.3041241	1762.24647	663.0836169	266.9724386	364.9914857	418.4710472	0.689274184469	2.03624227439	0.768873350298
1448306_at	Nfkbia			"nuclear factor of kappa light polypeptide gene enhancer in B-cells inhibitor, alpha"	0.00949905009499	510.6156692	426.4781444	562.1323374	595.8271277	470.1420786	606.4063287	475.9053953	435.2272266	688.7010183	831.2963115	981.9140934	1066.442156	537.5715582	518.9785136	566.7167369	600.6867371	0.948749632961	1.70322808278	1.0615260091
1439189_at	Fnip2			folliculin interacting protein 2	0.00899910008999	453.2675279	447.7783607	394.8059713	585.4324885	521.0908095	406.7416729	556.8303357	558.3399591	1198.122744	917.6479701	810.1858061	1177.221434	458.823985	451.4301607	455.1120579	377.0452854	1.0859617149	2.18105144908	0.926181887646
1420541_at	Rdh16			retinol dehydrogenase 16	0.018898110189	698.0884346	475.9053953	449.6005531	683.129839	294.3057665	526.0525083	559.8536753	588.6115331	838.0764247	778.9943207	889.5149237	806.9021927	542.6898064	481.7393625	494.2917441	477.1959538	0.853514895462	1.43644733523	0.865260288926
1440847_at	Mtss1			metastasis suppressor 1	0.020297970203	197.9381651	445.359945	503.0677863	526.7651164	727.0239093	498.3232236	427.0558659	331.5418085	900.4191937	890.71989	1194.888264	1030.958111	528.19323	369.9662866	396.9498663	365.4859153	1.18576775645	2.40087920669	0.992507631199
1436316_at	Klf13			Kruppel-like factor 13	0.020597940206	344.8172168	403.4510963	490.2928797	470.7789486	452.0419963	498.3232236	393.2058566	393.2058566	605.5859819	740.9349104	766.441038	1145.776549	498.3232236	503.7496077	262.67025	381.1510394	1.01605110126	1.90643067484	0.962882741028
1425503_at	Gcnt2			"glucosaminyl (N-acetyl) transferase 2, I-branching enzyme"	0.012898710129	402.3602569	280.3060358	340.64117	612.1803809	377.5560434	390.5531266	328.4147241	471.4166814	847.2024787	616.3380289	1002.057792	597.4424754	471.4166814	398.5652168	418.4710472	542.6898064	0.958699009372	1.87286061892	1.11963091561
1439566_at	Gprin3			GPRIN family member 3	0.00859914008599	230.5016072	560.6120716	426.4781444	441.1593342	365.9810146	310.6824634	342.9548862	415.0858667	1021.231338	791.7526606	935.2064048	728.0092646	431.122187	369.465796	363.0201955	320.5085427	0.864930357094	2.09567279124	0.8947193282
1451628_a_at	Ank3			"ankyrin 3, epithelial"	0.00549945005499	415.0858667	310.262172	315.3436342	431.7061994	323.9986519	354.7608505	457.58343	427.6343699	865.7537973	742.9436599	728.0092646	1144.228921	403.9976246	278.7923183	400.1871409	293.5100311	1.0621974751	2.36412705308	0.934860842165
1428844_a_at	Bclaf1			BCL2-associated transcription factor 1	0.01799820018	357.1704708	352.3677306	442.9548981	501.7076061	454.4963821	426.4781444	354.2809298	480.4368496	718.2194934	653.2824169	770.6030041	661.2907906	403.9976246	349.0442173	465.0777143	485.0114513	1.03717299847	1.69471315996	1.0295794227
1426487_a_at	Rbbp6			retinoblastoma binding protein 6	0.014498550145	377.0452854	366.4767846	392.6739275	458.2032877	450.8194657	387.918293	388.9702483	407.2926586	715.3086116	665.781974	777.9404967	702.8295307	409.5040756	370.4674552	441.1593342	409.5040756	1.02546500163	1.794945996	1.02272683871
1443729_at	Mtss1			metastasis suppressor 1	0.024897510249	189.8030019	648.8751024	212.9506023	480.4368496	222.3787309	353.3230352	177.6207106	356.2047636	592.6095231	941.5578973	996.6464472	979.2592224	350.9393713	163.2100402	224.192468	273.558012	0.724203501482	2.29107238642	0.660480804757
1426037_a_at	Rgs16			regulator of G-protein signaling 16	0.00549945005499	5.945412873	7.739004508	5.979720282	58.60886525	8.070706663	23.78971363	25.49027442	41.05184051	846.0557962	1698.999838	1646.914564	2609.594624	33.48469681	27.42356072	53.20160998	24.74227064	1.25717081958	86.895411816	1.77394673748
1455430_at	Prr8			proline rich 8	0.011198880112	371.47183	316.6271153	351.4147654	249.1616118	381.1510394	380.635418	317.0560289	326.199102	931.415448	639.2839219	718.2194934	662.186597	380.635418	309.8424491	419.0382124	344.8172168	1.09029913413	2.29003024173	1.12854903862
1429145_at	Nhlrc2			NHL repeat containing 2	0.004299570043	311.524755	298.7212377	323.9986519	400.7292476	356.2047636	335.1520621	310.6824634	469.5060701	594.2161475	521.7966964	601.5004473	686.8389284	460.6911266	422.4556257	494.9613281	317.4855235	1.10230272502	1.8010481206	1.27013240769
1418453_a_at	Atp1b1			"ATPase, Na+/K+ transporting, beta 1 polypeptide"	0.00699930006999	331.0932985	382.1843784	338.8016287	419.0382124	355.2414213	371.47183	417.3395972	409.5040756	655.0535318	532.5012125	733.9464525	576.7790687	413.9632826	303.2031644	333.3419322	332.890987	1.05603862716	1.6982193706	0.940373117221
1440840_at	D630004K10Rik			RIKEN cDNA D630004K10 gene	0.002699730027	243.6575303	163.2100402	198.6092492	296.3047615	219.6856767	380.1204942	306.0901904	395.3407886	861.0779292	758.1849453	723.0978117	1029.558435	394.2718776	276.9114695	316.198782	243.6575303	1.44296266083	3.73917497485	1.36511954232
1452290_at	Tmem106b			transmembrane protein 106B	0.00199980002	377.5560434	390.0247861	301.1576299	394.8059713	379.6060039	342.9548862	367.9683829	442.9548981	524.6298191	492.288081	702.8295307	579.911123	381.6673592	241.8500457	294.3057665	247.6481443	1.04778791742	1.57129398026	0.796334768698
1433775_at	C77080			expressed sequence C77080	0.02199780022	348.5720301	293.5100311	256.0	350.9393713	317.4855235	331.0932985	349.0442173	309.0044919	647.1206926	632.3975639	579.1262175	589.4088857	343.4194642	346.2204184	314.0655736	340.1803504	1.04612098496	1.95997706364	1.07595095779
1428248_at	Nfx1			"nuclear transcription factor, X-box binding 1"	0.001299870013	304.8494219	303.2031644	334.2458876	383.220519	311.9467568	395.8763303	359.1097467	468.2366332	498.3232236	562.8938205	578.3427752	577.5603928	328.4147241	314.9170372	284.5116662	296.3047615	1.15816482089	1.6726431111	0.923523688123
1422902_s_at	Mgea5			meningioma expressed antigen 5 (hyaluronidase)	0.00649935006499	390.0247861	351.8908035	349.0442173	278.7923183	362.038672	370.9693027	292.3202576	307.335796	585.4324885	518.2764391	490.2928797	461.9404271	444.7574618	331.5418085	398.0260376	365.9810146	0.972923497458	1.50095933167	1.12451464332
1435546_a_at	1810013L24Rik			RIKEN cDNA 1810013L24 gene	0.00689931006899	239.8934572	362.5291015	305.6758996	356.2047636	393.2058566	336.9717878	360.5713604	348.1002404	647.1206926	540.4903313	503.7496077	659.5023546	316.198782	258.0879546	361.0598023	277.2865829	1.13805708969	1.85941390125	0.95913156021
1443533_at	---			---	0.01499850015	195.6735576	206.9816413	263.739345	514.0835364	296.3047615	292.3202576	272.4493049	437.590619	381.6673592	835.8098786	660.3961961	715.3086116	274.6714213	195.9386235	286.4439388	237.9526976	1.10011779522	2.19672189495	0.842884504003
1418419_at	Fbxl20			F-box and leucine-rich repeat protein 20	0.002699730027	368.466845	326.6412085	248.3197156	299.5313088	345.7520512	359.5962087	384.259735	369.465796	585.4324885	477.8423792	460.6911266	456.9644109	369.465796	338.8016287	381.1510394	293.1129706	1.17387114093	1.59372133839	1.11229038774
1449315_at	Odz3			odd Oz/ten-m homolog 3 (Drosophila)	0.00929907009299	261.2517698	201.0439344	233.6433232	332.4406519	286.0564372	362.5291015	331.990926	425.3250452	379.0924726	434.0504718	725.0582031	516.1759093	403.9976246	307.7521233	256.0	309.8424491	1.36710354959	1.99768344139	1.24233512458
1417811_at	Slc24a6			"solute carrier family 24 (sodium/potassium/calcium exchanger), member 6"	0.003099690031	370.4674552	213.3835277	178.5852354	164.8755886	334.2458876	460.0679033	420.1742674	256.6940419	636.6925178	613.0096607	447.1726058	501.0288958	248.9929355	260.8983482	311.524755	347.159057	1.58650206894	2.37018839159	1.26017493469
1448666_s_at	Tob2			"transducer of ERBB2, 2"	0.025197480252	131.335125	147.5518296	158.8501894	527.4786899	162.6585671	224.4961666	175.8264129	451.4301607	431.7061994	868.1009435	913.9288217	777.9404967	197.0024826	164.7640861	182.7429576	175.1136822	1.05096836549	3.09948962318	0.74555677935
1434832_at	Foxo3			forkhead box O3	0.002799720028	239.5689292	320.5085427	304.8494219	226.3271737	307.7521233	307.7521233	363.5119547	320.5085427	467.6032024	480.4368496	433.463288	621.3649268	242.3415552	304.8494219	327.5267659	239.8934572	1.19085443317	1.83538217767	1.02140393644
1437410_at	Aldh2			"aldehyde dehydrogenase 2, mitochondrial"	0.024897510249	400.7292476	199.147699	208.9524696	334.6986682	291.5298905	304.0251789	334.2458876	373.9949553	383.220519	463.1927943	490.2928797	424.7496652	294.3057665	220.5796671	306.0901904	244.9804817	1.1401520698	1.54036956523	0.932164343178
1427159_at	Pcf11			cleavage and polyadenylation factor subunit homolog (S. cerevisiae)	0.002499750025	284.8970751	260.1929388	284.8970751	289.1713876	327.9704445	241.3593657	284.8970751	335.1520621	402.9053075	439.9665403	442.3556684	424.7496652	269.1498852	242.1776638	284.5116662	223.2836805	1.06274399227	1.52791335379	0.910615356992
1455998_at	LOC667118			"zinc finger, BED domain containing 4 pseudogene"	0.001599840016	299.1258954	282.5922323	227.7101832	243.8225923	303.2031644	254.4451708	297.1080738	347.159057	477.1959538	399.1051265	497.6487467	377.0452854	257.0417682	251.5338931	256.6940419	200.0935704	1.14114828893	1.66246723082	0.916555846918
1442097_at	---			---	0.004499550045	310.262172	263.3825582	198.6092492	326.6412085	201.5889849	245.1464399	286.0564372	258.4375691	438.7769715	492.9552924	521.7966964	473.9765916	241.1961385	187.7584465	257.7388131	241.6863191	0.902023634296	1.75403948723	0.844830087002
1452914_at	2410024N18Rik			RIKEN cDNA 2410024N18 gene	0.004899510049	257.3901439	257.7388131	238.9211896	240.2184248	203.784145	235.8680176	191.2216416	265.8904223	712.4095273	359.5962087	564.4198827	503.0677863	258.4375691	136.4091869	177.9818109	172.0588154	0.901933594499	2.15182644463	0.749181261207
1436317_at	Pgap1			post-GPI attachment to proteins 1	0.00999900009999	234.9120648	228.9465476	273.1879426	289.1713876	242.9987361	283.7424117	221.9275555	250.1755518	371.9752959	354.2809298	451.4301607	466.3385871	249.8371142	214.1069772	250.8538031	173.5795285	0.973325658845	1.60202322066	0.865681047
1427271_at	Zbtb44			zinc finger and BTB domain containing 44	0.00799920007999	232.3815951	240.0559692	217.4662942	193.9591465	276.9114695	250.1755518	211.6572358	305.6758996	434.6384509	358.1387962	418.4710472	420.7434494	259.1382196	226.7871362	215.1237501	228.4822054	1.18165388843	1.84643065098	1.05166898721
1428543_at	Ppat			phosphoribosyl pyrophosphate amidotransferase	0.00679932006799	179.3119714	152.7345881	278.4151678	211.5139491	291.1355087	229.8783836	214.3970136	214.1069772	389.4971603	326.6412085	413.4032728	444.7574618	312.7926928	226.7871362	225.5624331	206.7016364	1.15516542686	1.91526239596	1.18232683327
1456489_at	Pcf11			cleavage and polyadenylation factor subunit homolog (S. cerevisiae)	0.017198280172	233.0116052	224.8002765	211.2278129	210.9420638	179.5548734	217.3192255	271.7126644	273.558012	415.0858667	350.9393713	412.8440206	333.3419322	229.4119925	203.9221954	254.7898507	218.4991716	1.07064125626	1.71845742979	1.03027500462
1417168_a_at	Usp2			ubiquitin specific peptidase 2	0.00839916008399	51.78046443	52.52178343	141.20056	47.45075048	55.10762321	27.07311525	22.15755824	63.78374936	355.7226431	556.8303357	650.6342685	1885.668033	65.0482347	75.64700188	55.14491677	44.34510631	0.573886342302	11.7727031542	0.819874866928
1460722_at	Soat2			sterol O-acyltransferase 2	0.013398660134	222.5293779	226.0209981	165.4345782	248.1516092	138.4557347	198.6092492	228.791715	247.3131257	267.3340883	414.5243383	373.4890147	427.0558659	236.5074797	154.606911	138.8311985	221.7774697	0.943203036643	1.71945300795	0.871930377173
1458947_at	---			---	0.018598140186	195.8059778	205.1682956	198.7437938	213.3835277	205.4462234	192.2598896	221.6273318	207.5429333	327.5267659	265.1713316	339.2605806	479.7869143	230.9702135	206.0032089	195.8059778	167.2360427	1.01694103577	1.73624747664	0.983905883247
1416773_at	Wee1			WEE 1 homolog 1 (S. pombe)	0.002599740026	88.51027256	148.5540369	199.0130188	126.0226289	84.93003857	118.5743377	79.91049023	185.9876479	387.3935169	351.4147654	211.8006197	1073.688662	163.9852222	204.1984351	148.8559418	148.8559418	0.835087262365	3.60131243245	1.18465680778
1416682_at	Ube3a			ubiquitin protein ligase E3A	0.003299670033	208.5286788	177.2604659	161.9993259	197.5367132	266.2506062	218.0560185	196.469833	236.9882958	275.7891711	239.2448402	330.198098	324.877045	239.0828773	219.8343469	214.5421048	197.5367132	1.23136152306	1.56993105792	1.16861211875
1457150_at	AI428301			expressed sequence AI428301	0.017298270173	124.5808059	157.2455086	154.9212246	241.1961385	184.2334225	128.7821651	134.9397889	304.8494219	259.4892568	391.6119557	345.7520512	359.5962087	228.3275286	175.1136822	259.4892568	209.2355236	1.11042380551	2.00082915029	1.28648738829
1427258_at	Trim24			tripartite motif-containing 24	0.016798320168	221.7774697	219.8343469	156.9264794	153.7718913	181.6330589	259.4892568	179.4334435	169.4008144	270.6112487	266.2506062	322.6852895	342.0276146	208.5286788	259.1382196	242.1776638	139.6795494	1.05004104282	1.5971799655	1.12922053422
1447527_at	---			---	0.011898810119	129.4814844	195.2765633	175.5885548	285.2830061	178.1023818	194.4851242	184.2334225	166.107914	287.2207164	414.5243383	320.9427142	402.9053075	150.0700217	139.868764	209.5191062	131.1574548	0.920190423816	1.81458674774	0.802687856716
1443923_at	Akap13			A kinase (PRKA) anchor protein 13	0.016298370163	191.7400628	212.9506023	195.4088503	173.5795285	190.0602471	157.4585186	285.6694599	200.9079719	299.1258954	215.5610935	328.8596056	336.0606933	150.1716843	157.3520321	192.7811256	196.469833	1.07809072002	1.52467266252	0.900599131505
1418460_at	Sh3d19			SH3 domain protein D19	0.00869913008699	233.9598242	167.6894365	171.0138073	169.6302903	195.2765633	207.1218577	170.2054001	182.9905073	270.2451657	254.2729176	282.9750411	305.262381	226.7871362	185.735915	196.8692532	181.6330589	1.01791875133	1.49907781466	1.06565060088
1453149_at	Slc25a32			"solute carrier family 25, member 32"	0.002299770023	164.4298028	158.4206949	149.5629477	188.1401566	192.1298675	215.8530997	171.2454683	178.7060913	281.8281676	245.4785233	446.5673609	410.6145672	196.2040484	139.5849898	131.335125	130.0083973	1.14742319852	2.09595196334	0.903988046832
1445534_at	Flnb			"Filamin, beta"	0.026497350265	149.7656544	166.5582494	153.3561273	179.3119714	187.5044468	157.8854046	256.3467861	115.8765639	326.199102	244.9804817	432.8768986	285.2830061	162.5485639	192.650751	130.7142847	103.4908206	1.10573504548	1.98668008763	0.908184412026
1428904_at	Ammecr1l			AMME chromosomal region gene 1-like	0.0199980002	165.8830881	168.9427933	178.7060913	180.2856802	169.1716488	169.0571238	179.1907058	170.435966	272.0807353	255.8266943	282.9750411	244.8148056	199.9582506	163.7633829	180.7744529	162.7687576	0.991406663588	1.52157742295	1.01938144849
1449311_at	Bach1			BTB and CNC homology 1	0.00569943005699	121.9112961	184.4829912	146.655666	110.5140511	146.9538148	141.4875205	201.7255482	140.4379469	338.8016287	231.1265204	274.6714213	329.3050897	188.6502236	168.8284232	154.1888893	146.7550156	1.1189586728	2.08300148862	1.16831903131
1448111_at	Ctps2			cytidine 5'-triphosphate synthase 2	0.013098690131	167.9167106	152.9414874	135.8563322	182.7429576	171.0138073	176.3030961	198.6092492	167.4625862	222.8308235	278.7923183	239.7310552	233.1692936	179.67651	170.0901752	203.784145	123.740332	1.11561558416	1.52398479835	1.05916526919
1426008_a_at	Slc7a2			"solute carrier family 7 (cationic amino acid transporter, y+ system), member 2"	0.011798820118	200.6361835	141.8712059	188.7780217	137.7080417	128.2602221	210.3717247	174.4039615	112.2480833	255.8266943	207.4024318	316.6271153	322.2487607	156.7141892	129.6568843	127.1364588	127.6539173	0.934663843096	1.64740775487	0.808918902472
1452124_at	Ank3			"ankyrin 3, epithelial"	0.017398260174	163.5418437	144.0971509	112.096234	172.9930178	130.802835	137.3357106	187.7584465	166.107914	278.7923183	219.0916969	239.7310552	329.3050897	162.1089574	99.97912529	168.1441761	135.397285	1.04939305639	1.80001571813	0.954281405054
1428045_a_at	Elf2			E74-like factor 2	0.0199980002	127.0504786	157.1390573	174.5221087	143.3189928	128.6950719	152.2185107	165.7709042	157.5651864	243.3279103	245.8110567	275.0435003	186.6180859	152.6311905	158.4206949	156.1846651	134.3928896	1.00368591839	1.57932253632	0.999333593218
1456611_at	Fam13a			"family with sequence similarity 13, member A"	0.018598140186	120.5980693	158.7427617	114.0864782	174.6402148	122.5732199	105.3283506	165.099049	239.5689292	245.1464399	210.2293082	271.7126644	289.1713876	120.9250228	121.0068577	108.365822	120.8431596	1.11354640421	1.78897711481	0.829374752463
1437424_at	Syde2			"synapse defective 1, Rho GTPase, homolog 2 (C. elegans)"	0.02099790021	131.958914	169.1716488	147.7517082	121.6639551	130.184511	136.9642914	134.7572423	147.8518003	204.7520378	229.4119925	237.4700895	204.6135675	133.2153944	133.4862193	147.9518576	131.4240959	0.963564072201	1.53580489576	0.957113625889
1416062_at	Tbc1d15			"TBC1 domain family, member 15"	0.020197980202	152.1154625	143.6103582	118.654664	122.9055283	154.1888893	154.9212246	127.2225854	108.5860528	206.0032089	248.1516092	260.1929388	176.0645931	175.5885548	110.1406334	135.2141195	147.7517082	1.0142061005	1.65724088931	1.05845862751
1440658_at	Ammecr1l			AMME chromosomal region gene 1-like	0.016798320168	132.7652707	170.5514251	107.1985068	139.9634188	124.9185571	132.5856658	132.2271845	145.4692085	210.6567012	268.0588581	223.7376128	194.7485802	152.8379498	93.75222338	131.335125	139.3017913	0.972245960322	1.62985757743	0.939595234715
1435483_x_at	Slc25a32			"solute carrier family 25, member 32"	0.01199880012	124.7495672	124.3280488	122.1590553	134.029429	125.1724279	132.7652707	99.43914592	119.7844646	194.090541	183.8596386	290.3483449	353.8016583	148.9567819	119.9467286	115.719806	107.6347412	0.944376258048	2.02289483144	0.974255065613
1451912_a_at	Fgfrl1 /// LOC100046239			fibroblast growth factor receptor-like 1 /// similar to fibroblast growth factor receptor 5 beta	0.017398260174	140.1530179	133.2153944	116.5058026	170.7824597	117.2970565	110.3645476	106.981016	167.1229438	150.1716843	239.5689292	250.3448557	246.9785604	139.0192638	99.57384948	84.1859749	123.9918943	0.894960475157	1.58218758429	0.796870888586
1442107_at	Flnb			"filamin, beta"	0.013798620138	100.5900642	126.278831	128.6079485	134.3928896	159.2809588	94.96579048	157.6718171	131.4240959	205.3072836	177.8613215	258.4375691	175.9454017	135.3056244	147.0532644	125.2572239	115.1727816	1.10915744604	1.66891628595	1.06719982633
1433884_at	Syt1			synaptotagmin I	0.003799620038	179.0693981	51.60550258	132.0483075	172.7589927	103.4208316	135.5806987	151.3964955	129.6568843	200.5003577	240.2184248	214.9782656	223.2836805	103.2809238	111.5663388	108.5860528	97.7705457	0.971189909292	1.64147515483	0.786587976982
1431316_at	Itch			"itchy, E3 ubiquitin protein ligase"	0.002399760024	98.83519714	122.4902409	145.8636914	100.3180917	153.7718913	141.009446	170.320585	137.8012343	184.8579142	156.7141892	209.3772669	196.0712231	150.1716843	96.26016559	132.2271845	118.7350447	1.28961250081	1.5978803313	1.06392812046
1418174_at	Dbp			D site albumin promoter binding protein	0.002699730027	5.949440499	6.372568605	5.947428407	5.829842872	5.959515308	5.953466727	5.891332584	5.961535622	430.5389646	567.4848235	331.5418085	766.441038	5.961535622	6.402835744	5.961535622	5.957499808	0.98616431127	86.9738266574	1.00764032826
1435991_at	Nr3c2			"nuclear receptor subfamily 3, group C, member 2"	0.00509949005099	125.596809	117.5355196	106.11553	126.7069632	109.9171734	101.5478581	104.7595531	118.1737669	153.3561273	161.1243803	164.0961977	291.1355087	119.2989884	119.8655276	126.0226289	84.4142116	0.912688204013	1.61719595799	0.944630321844
1426753_at	Phf17			PHD finger protein 17	0.002299770023	73.87585412	64.0	79.37138087	105.5424816	103.4208316	94.45288773	115.0169758	113.4703848	251.02374	244.1528824	251.02374	218.0560185	110.1406334	105.6854529	83.67466704	99.91144187	1.32086326799	2.98725867443	1.23737583536
1450703_at	Slc7a2			"solute carrier family 7 (cationic amino acid transporter, y+ system), member 2"	0.004899510049	137.5217501	50.02339261	55.82092012	58.68825877	86.37949637	93.30904295	91.18609886	43.36553491	302.792991	182.6192451	254.6175407	319.2093278	125.2572239	93.49873883	87.7942774	101.9610977	1.04034324497	3.50678347851	1.35244328128
1444512_at	Arhgap29			Rho GTPase activating protein 29	0.00629937006299	111.1893655	111.9445902	95.54609461	87.61615507	77.77583104	77.77583104	103.2809238	112.7048664	248.4877636	155.5516621	221.7774697	122.9887887	119.7033734	111.5663388	146.5564853	101.8920725	0.914449722543	1.8430043751	1.18071068262
1423375_at	Cir1			"corepressor interacting with RBPJ, 1"	0.004599540046	129.3938286	118.654664	69.5566719	96.26016559	110.2898335	117.4560324	150.2733115	113.316882	170.0901752	185.2337276	176.5419221	166.4454935	100.7944925	89.17182261	117.2970565	83.73129308	1.18718825588	1.68729117331	0.944738870987
1425347_a_at	Zfp318			zinc finger protein 318	0.028397160284	117.138377	126.1933433	98.03561155	104.4055793	88.45041458	128.6950719	86.37949637	97.50619652	175.9454017	145.8636914	212.0875318	126.1080009	123.6565629	108.1459629	122.24181	116.9008006	0.899631111131	1.48058486573	1.05646871898
1438660_at	Gcnt2			"glucosaminyl (N-acetyl) transferase 2, I-branching enzyme"	0.010598940106	92.11671126	118.4139303	50.36316343	169.5154548	67.01471452	111.5663388	114.1637643	128.0	158.7427617	176.7810716	220.4304928	238.7594458	91.37147882	81.99261112	83.50490283	59.48817441	0.97754592414	1.84641420653	0.735014779502
1432543_a_at	Klf13			Kruppel-like factor 13	0.00519948005199	66.33774193	95.74033838	92.5542286	96.58652337	96.65195438	115.7981986	124.2438818	88.81035532	124.9185571	175.2323101	228.9465476	312.3693302	96.71736267	96.84837921	62.37478359	88.03229657	1.21150790047	2.39584745367	0.979368958683
1438953_at	Figf /// LOC100047108			c-fos induced growth factor /// similar to FIGF	0.00529947005299	127.3949253	89.05119091	143.0282186	137.6148167	82.54952451	86.55510459	81.32928356	133.3056391	158.7427617	138.9251512	199.417471	154.2932352	122.1590553	67.65281218	133.4862193	105.9003098	0.771973298138	1.31038590788	0.863423382458
1428081_at	Klhl21			kelch-like 21 (Drosophila)	0.00769923007699	85.44901758	94.45288773	109.2495858	95.03012355	93.81573434	112.7048664	94.00646031	95.80512975	191.9998003	202.8209682	125.6818925	236.1875322	103.4208316	95.67552452	96.06493375	111.7174702	1.03162716714	1.96961583877	1.05907920771
1420138_at	Slc19a1			"solute carrier family 19 (sodium/hydrogen exchanger), member 1"	0.00589941005899	93.81573434	97.37429008	104.4055793	99.10314937	109.7684774	107.0534886	98.90215148	99.17028523	157.7786294	159.8209805	197.2693487	236.8278605	109.2495858	74.62980441	95.54609461	99.10314937	1.05116724961	1.90448237603	0.959031745671
1458097_at	Cobll1			Cobl-like 1	0.02099790021	116.2694286	90.0208948	80.89008658	120.1092124	96.32537552	119.0569475	95.1588545	111.4908111	123.3222238	143.0282186	189.2898181	195.012393	110.3645476	108.0727507	116.7426571	108.2192247	1.0361962727	1.5975183696	1.08865818262
1451496_at	Mtss1			metastasis suppressor 1	0.01199880012	89.11145546	98.16848188	104.8304481	89.47408624	98.96908257	111.114093	103.5609289	86.08762729	139.4904942	159.2809588	143.9022161	238.4364519	108.8068066	103.3508182	87.02506009	135.397285	1.04755764825	1.78495240648	1.13888274325
1456225_x_at	Trib3			tribbles homolog 3 (Drosophila)	0.010098990101	78.56952863	24.55872912	24.91032605	38.4169745	30.49844961	72.1950491	77.98668919	32.15198713	269.1498852	496.9755272	159.3887506	237.309328	33.23630278	60.17669631	82.71728911	53.12963881	1.27861260509	6.98578949766	1.3773041246
1460417_at	AB041803			cDNA sequence AB041803	0.002799720028	50.22699297	62.1219409	106.3312613	45.0409078	91.06274225	110.5889171	111.4908111	64.60939228	214.2518721	136.5939713	117.8541703	177.1404649	84.58582442	91.68126213	104.8304481	85.04508761	1.4323914866	2.44895259168	1.38837058596
1434035_at	Dnajb6 /// LOC100048324			"DnaJ (Hsp40) homolog, subfamily B, member 6 /// similar to DnaJ (Hsp40) homolog, subfamily B, member 6"	0.018798120188	99.50650939	88.7502944	113.0104991	72.1950491	76.833949	95.4168398	100.0467852	88.87051849	147.7517082	155.4463574	118.2537398	143.9022161	82.15930087	86.2043042	93.05675665	91.06274225	0.967080324337	1.51381797519	0.943824998937
1451543_at	Fbxo21			F-box protein 21	0.00939906009399	99.77628162	84.01517331	53.20160998	56.58179342	63.87015294	69.98170941	70.69591747	86.0294077	149.2596088	163.6525191	154.1888893	197.9381651	83.16646464	82.88545212	84.01517331	118.0937661	0.989789075171	2.26531381496	1.25406125805
1453821_at	N6amt1			N-6 adenine-specific DNA methyltransferase 1 (putative)	0.003699630037	91.86758508	60.13595816	56.12404165	88.09193266	80.18136095	106.4753011	105.0435669	90.0208948	112.4001383	132.7652707	121.3350037	114.0093235	79.69437532	93.11979648	80.07289156	83.44842989	1.28864271641	1.62214070219	1.13542651082
1428512_at	Bhlhb9			"basic helix-loop-helix domain containing, class B9"	0.00639936006399	57.62540181	87.7942774	47.41866035	84.93003857	67.33300747	40.28109509	63.78374936	91.24787143	100.5900642	158.3135577	148.2526415	178.3436452	89.89905217	102.1683831	87.08401384	80.94482818	0.945556600496	2.10787099864	1.29639046645
1458974_at	---			---	0.00709929007099	45.37752443	29.28459424	40.5546939	77.19887936	60.33984143	55.03307358	54.69882738	56.85053418	162.4385225	80.28997728	219.6856767	358.1387962	70.69591747	47.13066067	57.39181123	57.39181123	1.17933352677	4.26448053404	1.20889413055
1437916_at	---			---	0.003899610039	27.22012902	55.78316939	59.64949422	61.66111191	59.81121004	61.61941155	33.98706792	58.64852825	139.4904942	201.9988123	198.2062987	190.7044899	81.71556496	61.82828143	52.06160919	67.60705974	1.04773200944	3.57489176639	1.28827509764
1422971_at	Kat2a			K(lysine) acetyltransferase 2A	0.004699530047	57.89909929	70.74376027	72.6854151	79.64047938	86.8485586	68.71432564	82.82934069	77.61803474	111.6418402	131.8696725	94.96579048	107.1985068	78.30410305	78.46323972	105.1146541	92.0543505	1.12471673496	1.58621129066	1.25970002814
1431068_at	LOC100047670 /// Rmnd5a			similar to required for meiotic nuclear division 5 homolog A /// required for meiotic nuclear division 5 homolog A (S. cerevisiae)	0.028697130287	59.85168671	79.69437532	68.11232623	103.7714667	67.15095443	38.62556149	111.4154118	89.17182261	142.83473	114.3958575	149.0576903	94.45288773	66.87879739	57.19792875	75.90347336	64.56565331	0.983732758599	1.60787784971	0.849455659426
1445001_at	---			---	0.015798420158	69.18104974	57.66439925	61.120905	98.76835659	59.48817441	72.73460427	57.62540181	69.50963191	90.69367279	165.099049	140.9140838	108.8805161	76.62620759	61.82828143	74.62980441	91.30962257	0.904521855325	1.76325817222	1.06158726087
1438419_at	Rbm16			RNA binding motif protein 16	0.00959904009599	101.0678266	58.01676708	43.36553491	73.72602143	61.87016602	67.74445692	65.71204795	77.19887936	125.3420775	132.2271845	162.6585671	137.4286513	53.70818265	60.0546062	49.31733716	76.833949	0.986781625532	2.01920578717	0.868699469497
1420023_at	Etf1			eukaryotic translation termination factor 1	0.00529947005299	56.50524953	58.13471429	67.33300747	81.54977549	81.88169147	82.82934069	64.0	106.836292	98.30146416	106.9085925	124.8339903	114.0864782	81.88169147	61.16226799	83.053957	75.13665577	1.27331446055	1.68535934976	1.14310652841
1443878_at	Rapgef6			Rap guanine nucleotide exchange factor (GEF) 6	0.019698030197	62.0799289	78.78259319	72.6854151	56.77358739	65.49001244	55.85873512	68.48214569	82.2149014	112.3240461	104.0528016	157.0327868	110.8136659	60.83197757	61.32812761	82.43779432	68.94729277	1.00637858962	1.79128651021	1.01192530893
1417969_at	Fbxo31			F-box protein 31	0.004899510049	55.66999313	72.98120164	70.02911741	60.74968403	52.69985181	65.71204795	60.5853888	81.21926126	83.27912469	159.1731294	149.0576903	175.9454017	65.62315265	42.55135003	34.77833595	60.0546062	1.00303185299	2.18731586316	0.782513386253
1421900_at	Eif2ak1			eukaryotic translation initiation factor 2 alpha kinase 1	0.012098790121	77.61803474	70.93560293	45.31613769	55.18227382	60.17669631	64.91626092	84.35712372	88.87051849	96.97957324	126.7069632	127.3949253	98.43462658	71.41736498	70.31409439	73.17906107	69.32164573	1.19782431191	1.80490821015	1.14125608324
1453692_at	4930581F22Rik			RIKEN cDNA 4930581F22 gene	0.010798920108	58.2134655	74.22673472	46.33980281	54.66179761	54.88423871	84.24294696	53.70818265	54.07298145	93.81573434	130.4491741	145.4692085	176.3030961	53.5992534	54.73584429	54.73584429	45.56221563	1.05768696563	2.33907214365	0.893726646376
1429809_at	Tmtc2			transmembrane and tetratricopeptide repeat containing 2	0.00739926007399	78.99618078	50.09115596	65.40141751	61.99594713	33.7121095	68.34325235	38.96697407	64.26044205	122.5732199	151.7041771	125.596809	166.5582494	48.75309826	42.98558395	50.46555099	60.74968403	0.80037045822	2.20844538623	0.791290537557
1422901_at	Mgea5			meningioma expressed antigen 5 (hyaluronidase)	0.016298370163	49.15073208	68.48214569	75.28940747	45.28549117	62.37478359	45.254834	67.92816609	62.84094627	125.51187	99.17028523	118.1737669	94.51687334	91.43331361	49.8206521	78.14523496	45.254834	1.00080162597	1.83609788925	1.11102180902
1417309_at	Tob2			"transducer of ERBB2, 2"	0.031896810319	32.61229353	50.26098361	42.75345183	86.8485586	37.59377796	54.66179761	54.25630897	78.03952004	64.30397426	149.6642667	153.7718913	151.1915814	46.15195958	38.52112681	39.52484774	53.5267443	1.05683539553	2.44231561983	0.836448701694
1421885_at	Sos1			son of sevenless homolog 1 (Drosophila)	0.01099890011	60.87314503	47.29045115	42.03604403	47.38655908	43.24825445	47.93501571	59.00695066	58.7280162	128.2602221	127.9133471	150.782794	80.23567854	73.9759288	53.96327492	49.98956265	47.38655908	1.05735237466	2.46571897982	1.14033938736
1426065_a_at	Trib3			tribbles homolog 3 (Drosophila)	0.001799820018	32.5902158	17.55474336	26.45715448	40.30838287	27.5538116	44.76734952	55.63234447	42.150008	138.8311985	253.0709325	120.8431596	118.1737669	40.30838287	35.39584225	63.82695865	44.76734952	1.45498923251	5.39659890544	1.57640707029
1453137_at	Fbxo30			F-box protein 30	0.00619938006199	43.77842054	54.73584429	51.99118021	51.95601947	57.93828196	69.98170941	51.71041579	59.08688343	93.81573434	112.096234	122.24181	85.3334221	54.62479291	44.88871834	59.20696513	50.15904586	1.17907519422	2.04230074815	1.03170014474
1419748_at	Abcd2			"ATP-binding cassette, sub-family D (ALD), member 2"	0.022397760224	25.57669594	19.6025441	19.29971984	36.73845369	11.5223813	32.94509998	20.58156811	93.68882036	133.1253031	256.0	110.9637778	117.2177305	69.79249489	19.22148641	43.13132107	19.29971984	1.56828616886	6.09882024868	1.49623485592
1431018_at	1810013L24Rik			RIKEN cDNA 1810013L24 gene	0.00619938006199	35.63623456	61.70288325	58.01676708	67.19644478	59.93276379	52.20278967	49.8206521	27.20170166	102.8622638	81.93710413	81.88169147	114.3184143	64.78455489	54.29302641	65.75656353	50.39724623	0.849947998749	1.71195455139	1.05697114656
1452026_a_at	Pla2g12a			"phospholipase A2, group XIIA"	0.00649935006499	31.56970775	42.89840194	31.6767408	30.83055595	33.03441749	67.37862115	33.84932125	54.32980636	54.40340332	121.0888319	216.1455014	166.7838747	31.6767408	30.87232005	35.95122438	43.39488212	1.37683231721	4.07680200288	1.03591711124
1435405_at	Setd4			SET domain containing 4	0.004099590041	46.71772123	18.33195825	36.14642345	45.50057904	21.56566054	37.39073692	30.70560236	45.254834	86.14594599	80.72597189	152.3216287	57.46959591	49.78692474	36.09752455	48.39144116	58.13471429	0.919699287047	2.56763232427	1.31162206368
1424084_at	Rod1			ROD1 regulator of differentiation 1 (S. pombe)	0.002099790021	46.33980281	34.21791619	51.57060266	30.95601803	50.80828984	35.30014	39.98228445	31.63386656	74.98426597	80.50770734	72.34182054	69.50963191	48.29326168	48.78609146	68.43583239	54.84712144	0.967135048956	1.82324940779	1.35121684515
1436830_at	Marveld1			MARVEL (membrane-associating) domain containing 1	0.011798820118	34.75481595	36.91294657	29.38387991	46.1207478	33.57547721	51.64046191	31.3779675	35.51584733	87.67550925	109.8428383	95.09443429	111.7174702	38.13199217	32.76718881	20.23620704	30.10871016	1.03354816561	2.74732408306	0.823823666861
1446127_at	Zeb1			Zinc finger E-box binding homeobox 1	0.002099790021	33.68931057	38.75651651	27.60980895	45.13247528	45.1019217	45.1019217	47.74070612	54.1462305	53.63552619	64.13011104	80.01873963	63.82695865	45.254834	40.6921894	45.254834	43.74881394	1.32304758487	1.80187849507	1.20499309318
1421087_at	Per3			period homolog 3 (Drosophila)	0.02199780022	8.070706663	13.38621327	12.19652286	8.122776788	13.41796518	8.111788291	11.41370282	9.153579383	125.0030945	108.5860528	67.33300747	276.9114695	6.053023701	8.131029337	13.41796518	12.12655624	1.00767939503	13.8316398675	0.95098538969
1425824_a_at	Pcsk4			proprotein convertase subtilisin/kexin type 4	0.004299570043	36.17091027	34.73128779	32.19554128	34.61393368	23.07597979	31.08201221	33.37155482	35.32402903	44.22520729	78.9427023	57.66439925	114.4732738	32.41422108	27.38646211	33.87222846	30.14951731	0.892107205989	2.14437582642	0.899142579889
1442014_at	---			---	0.015398460154	34.99085471	25.07952293	54.40340332	37.72123485	24.77578734	27.59113691	38.73030614	40.99630556	59.77071932	47.93501571	99.03612761	67.79034933	34.82544783	29.00838354	23.09161225	27.7597371	0.867922876758	1.80381867638	0.753540975765
1422076_at	Acot4			acyl-CoA thioesterase 4	0.00609939006099	47.99995007	25.94286667	34.80189598	40.88546093	15.13610398	32.85602397	29.8651487	40.91312978	51.64046191	64.17351048	80.94482818	72.78387717	37.41606668	14.60764799	27.79734136	25.5075424	0.793759731295	1.80139253444	0.703926192563
1440146_at	Vps13a			vacuolar protein sorting 13A (yeast)	0.00299970003	33.55274744	17.9148741	21.47825677	23.16990141	23.75753089	21.49279197	39.20508819	31.12411694	76.93803081	55.82092012	75.49352468	44.40517766	35.87828437	26.96339024	38.88791552	31.3779675	1.20250315117	2.62868026464	1.38486685555
1425484_at	Tox			thymocyte selection-associated high mobility group box	0.017198280172	31.20849757	27.34941369	31.46303635	31.71965116	15.1463472	31.50565722	23.04476259	32.54612774	33.68931057	56.85053418	61.82828143	58.2134655	27.89158469	30.23125571	31.97833678	31.61247312	0.839842220122	1.72975649707	0.999778640238
1438774_s_at	Pgm2l1			phosphoglucomutase 2-like 1	0.00589941005899	32.34845715	33.3489631	31.31430599	32.32655804	34.17162618	29.40378556	23.50161508	29.70384939	38.15779763	43.51253004	36.9879644	53.09370815	35.70868249	32.5902158	30.47782403	31.61247312	0.902910355276	1.32792854935	1.00812529071
1430253_at	2900006B11Rik			RIKEN cDNA 2900006B11 gene	0.019798020198	23.46980581	21.62412723	20.62341012	32.15198713	21.58026985	25.82023095	23.42220509	23.62921834	33.59822239	81.21926126	41.16313621	107.0534886	20.86210747	23.67725618	23.70933018	23.66122726	0.965081951109	2.68760507179	0.939108511499
1424143_a_at	Cdt1			chromatin licensing and DNA replication factor 1	0.016698330167	33.80352987	9.070310885	10.89287594	25.59400472	22.84286971	16.35035438	24.14663084	12.41307807	58.48995605	98.76835659	71.03169465	52.48622746	10.03624716	42.72450879	43.18974819	15.41527798	0.95453936972	3.53797482865	1.40328590938
1456209_x_at	---			---	0.00579942005799	9.395265948	13.38621327	15.45707036	20.52592026	21.18943185	27.57245839	12.30849104	20.47042287	41.33067441	83.50490283	65.00419863	115.6415467	26.76337215	20.48427603	16.55078798	19.36515307	1.38758682542	5.19840174534	1.41520189766
1451452_a_at	Rgs16			regulator of G-protein signaling 16	0.00529947005299	5.098588837	5.112411627	5.124538195	5.398718523	5.129744605	5.124538195	5.093414048	5.10895065	67.65281218	119.9467286	96.84837921	154.2932352	5.126271893	5.133216111	5.140169736	5.121069008	0.986611061994	21.1602060946	0.989701563354
1446969_at	---			---	0.001099890011	25.92530398	31.59107225	29.54344171	27.05480616	28.61831845	26.42136322	26.69099162	31.20849757	32.87828177	31.80564635	41.83733352	77.46061228	26.43924363	11.24119107	16.45026592	26.89046877	0.989699363694	1.61225500562	0.709998127138
1416360_at	Snx18			sorting nexin 18	0.002799720028	20.93282327	22.61209879	18.95019777	27.74094444	27.64722928	27.64722928	26.61882529	30.45719129	33.66650373	43.18974819	53.16563065	34.94351906	31.20849757	27.23854999	27.07311525	27.74094444	1.24529450668	1.82815377604	1.25516453057
1448147_at	Tnfrsf19			"tumor necrosis factor receptor superfamily, member 19"	0.014398560144	23.01358762	13.32293469	17.31869117	26.63685779	15.33721893	21.84481526	15.71555154	27.29392555	58.05606962	52.06160919	53.5992534	56.16202306	24.96096837	15.1771395	11.79063898	18.35679133	0.998747572601	2.73848901631	0.87537333473
1425202_a_at	Ank3			"ankyrin 3, epithelial"	0.010298970103	18.30715877	18.31956066	18.31956066	18.34437694	10.07027377	17.76994117	28.67649906	16.82186783	44.40517766	35.7812777	53.5992534	52.23811741	23.98372764	15.41527798	23.96750785	18.34437694	1.00065390054	2.53816562313	1.11488822343
1428809_at	1810010H24Rik			RIKEN cDNA 1810010H24 gene	0.00729927007299	22.41399643	14.831833	20.44273047	24.27775307	24.16298859	24.26131763	24.14663084	24.26131763	24.3600468	27.46070958	41.41467035	31.65529642	23.98372764	24.2120948	24.31064052	21.77100346	1.18136648071	1.52368355517	1.15019772153
1447116_at	---			---	0.030496950305	18.58182118	11.67548034	16.78773861	28.67649906	22.627417	24.52550606	19.01443281	28.96914098	29.88535966	31.87030675	25.76784531	43.01470385	20.27734695	18.22061816	27.85385294	20.84798434	1.25639940587	1.72392448656	1.15158518069
1456337_at	Arap2			"ArfGAP with RhoGAP domain, ankyrin repeat and PH domain 2"	0.011198880112	20.30481532	21.33335552	21.46371651	13.05511264	21.59487409	21.46371651	22.23266519	17.02808156	42.84033926	30.95601803	44.64630886	29.72397179	20.91866676	17.23682319	27.74094444	14.23670128	1.08091623043	1.94554194571	1.05220972045
1437865_at	Spata13			spermatogenesis associated 13	0.015898410159	22.15755824	24.24489331	11.88278419	22.82740564	22.64274558	19.93709075	16.39468185	23.09161225	46.59140721	28.61831845	30.76800506	24.92718388	20.86210747	23.42220509	21.6095032	22.82740564	1.01175512268	1.61386575968	1.09380264149
1430826_s_at	Gcnt2			"glucosaminyl (N-acetyl) transferase 2, I-branching enzyme"	0.026897310269	11.54190135	15.90282318	12.91448314	25.04557798	9.250125889	21.00379333	16.77637372	23.91888113	21.55107605	36.07311241	65.09225548	44.6160844	16.73101424	9.992190624	11.63209458	12.13065881	1.08477037825	2.55841413861	0.77190006438
1418523_at	Arih2			ariadne homolog 2 (Drosophila)	0.013798620138	19.70897714	11.20320802	17.13213446	11.81061348	13.86109186	17.68594007	13.89867068	15.7261978	20.24991574	29.8651487	29.4436169	22.71949717	20.41507553	17.09737575	17.53099529	16.98204152	1.02200265278	1.7087677358	1.20333420087
1422077_at	Acot4			acyl-CoA thioesterase 4	0.016898310169	18.93736895	11.74285253	13.06395662	16.05424595	13.11268298	13.38621327	9.484718789	16.05424595	24.2120948	35.61213439	38.46901541	25.47301813	13.762923	9.303496364	16.74234841	15.03908616	0.87022127783	2.06972449017	0.917212364796
1429295_s_at	Trip13			thyroid hormone receptor interactor 13	0.026297370263	15.54626383	12.79267443	16.08688399	16.17422858	16.22906523	12.87520056	16.14141333	13.81425639	26.56481941	23.59725271	27.03649072	16.31718179	15.66775968	16.21807855	16.66320488	11.69921642	0.974585577093	1.54316280843	0.994194867906
1420610_at	Prkacb			"protein kinase, cAMP dependent, catalytic, beta"	0.022197780222	18.93736895	13.59164339	10.84138373	13.50909384	12.77536849	13.24201716	15.48849435	10.13867347	24.82615615	21.72683313	26.47507746	17.63812133	18.70803334	10.68474076	9.698973054	6.193946836	0.907964427102	1.59400494297	0.796169129886
1450398_at	Kcnk5			"potassium channel, subfamily K, member 5"	0.030396960304	10.1868281	7.799485725	11.06753476	21.21815046	8.606752604	9.200166688	16.32823561	9.807904966	16.6519243	21.74155163	31.39920224	34.77833595	8.948345744	11.20699821	8.548687875	11.62816062	0.874106076997	2.08010455336	0.802279464019
1441574_at	---			---	0.017098290171	12.43831367	12.43831367	12.46781718	13.02862564	12.51008772	11.79463608	12.39209325	12.50584815	22.45956375	13.9836008	26.81776309	19.07889882	12.51008772	12.52703429	9.971917865	10.34315918	0.97676526453	1.63460011864	0.900326283686
1430320_at	Dmd			"dystrophin, muscular dystrophy"	0.012298770123	7.443576624	8.621327317	6.956395702	14.8720436	10.54820785	15.17200661	11.95944056	10.40636998	15.98376088	13.97887157	37.95173668	22.32315443	10.77188629	9.764850794	10.4345827	9.751640898	1.26898343837	2.38135555845	1.07467320634
1443147_at	---			---	0.014398560144	6.47913402	5.115871404	5.126271893	6.392011483	5.131480064	5.011335059	4.892347903	6.560778433	64.82844216	28.98876567	16.92466063	39.28476431	5.114141223	5.140169736	5.140169736	6.096199009	0.934351733579	6.49092537493	0.929797567536
1458180_at	---			---	0.003399660034	8.542906544	9.928136838	9.944956082	10.1868281	9.971917865	9.958427849	9.921422609	10.53036837	24.34357252	23.50161508	11.89082575	34.99085471	10.03964951	12.02845132	10.22136523	10.14897413	1.046092715	2.45388418511	1.09936092426
1441033_at	Tmtc2			transmembrane and tetratricopeptide repeat containing 2	0.00689931006899	11.40211854	10.22828245	11.5849507	7.190992973	11.09753997	10.91501343	11.22598398	8.385349986	14.41122431	12.0814943	12.42148712	18.55668368	7.363394514	9.018278103	11.10505782	7.053596261	1.03013246343	1.42232339721	0.854824334794
1458658_at	---			---	0.003399660034	6.512109687	9.446278039	6.580795544	6.359639554	6.446325332	6.094137283	6.376885601	6.472558054	10.94831543	19.48348703	20.37365619	39.98228445	6.409340874	6.43542309	5.722327229	6.490105814	0.878579256485	3.14157236275	0.867066356287
1442243_at	Per3			period homolog 3 (Drosophila)	0.00519948005199	6.387684247	6.444140727	5.234979908	6.501100695	6.47913402	6.463801973	5.745613707	6.463801973	14.63734512	39.1785473	8.750679208	29.80455649	6.46817629	6.476942786	6.481325995	6.46817629	1.02378900774	3.75982917341	1.0540019897
1417900_a_at	Vldlr			very low density lipoprotein receptor	0.00559944005599	7.157000101	5.861500374	6.026452489	7.147318107	6.574116397	6.525348708	6.982341889	7.634940955	10.5911328	27.72218372	9.366687932	13.69323106	6.749978936	5.949440499	6.175110701	6.289005948	1.0582033102	2.34318113712	0.960723719443
1455973_at	Gm11992			predicted gene 11992	0.00729927007299	6.846615528	6.867499975	6.963463235	6.911807319	7.115943225	6.909464966	6.32315682	6.791225795	7.481460839	18.83510277	15.41006455	10.35016599	6.56299803	6.690843037	6.928197226	6.679527258	0.983704050171	1.88756625615	0.973619546861
1430418_at	Tmem57			transmembrane protein 57	0.022597740226	6.654706321	6.6863135	6.770568609	7.420940295	6.724896202	6.775155224	6.647952159	6.928197226	12.65915322	7.065545749	18.01214386	15.34240771	6.702173341	6.736284171	5.829842872	6.708982591	0.983425862602	1.92787415457	0.943512426137
1425799_at	Fmo4			flavin containing monooxygenase 4	0.022497750225	7.10150597	6.734005969	7.123172855	7.176408427	7.135235268	7.405884244	7.08470116	7.120758872	7.176408427	9.335038678	12.43831367	7.759991112	7.132822141	7.164271444	7.154579613	7.14006892	1.02173393627	1.30476738067	1.01623058056
