Probe Set ID	Gene Symbol	UniGene ID	Rep. Pub. ID	Gene Title	Pvalue	V_778	V_781	V_782	V_783	C_776_3umol	C_777_3umol	C_779_3umol	C_780_3umol	C_767_10umol	C_768_10umol	C_769_10umol	C_770_10umol	C_634_30umol	C_635_30umol	C_636_30umol	C_637_30umol	C3(fold-change)	C10(fold-change)	C30(fold-change)
1450644_at	Zfp36l1			"zinc finger protein 36, C3H type-like 1"	9.99900009999e-05	10214.70557	11507.04677	12196.84171	10353.92391	10009.34536	9215.968051	10900.525	13628.88578	6351.184653	7676.590629	5128.140237	5233.35351	7919.370271	7930.13659	8059.976963	8933.439346	0.988304397562	0.550889584619	0.741835447437
1436999_at	5033414K04Rik			RIKEN cDNA 5033414K04 gene	9.99900009999e-05	6731.909189	6164.806941	5871.56755	6299.798635	7242.489638	7281.803022	6713.689033	6614.470704	3715.601333	3843.486804	5155.976597	3906.443411	5355.182402	5465.053864	4792.490976	5340.688408	1.11107232085	0.663054634022	0.835860333738
1436168_at	C730029A08Rik			RIKEN cDNA C730029A08 gene	9.99900009999e-05	8281.233732	7222.887577	6411.650185	6499.080939	6215.091863	6569.828521	5155.976597	8049.09016	2728.817128	4371.007081	3477.102787	3833.110837	4753.716	4157.440786	5045.494651	4851.247267	0.91466204874	0.507130482799	0.661903796557
1425107_a_at	Lifr			leukemia inhibitory factor receptor	0.000699930006999	7068.115991	6106.669281	7760.210115	4460.686368	6668.423431	7311.44071	6596.5684	5072.882397	2681.21278	3171.302978	3329.685036	3267.179491	3115.979443	4294.754649	4254.252654	4436.573026	1.00998725632	0.490216423607	0.634027466848
1416101_a_at	Hist1h1c			"histone cluster 1, H1c"	0.000399960004	5413.477754	6057.261582	5951.592358	4219.832444	5569.607706	5776.940819	6614.470704	4029.988482	1183.611579	1640.238624	1273.382388	1434.49776	3720.626873	4123.832443	3756.048561	3210.183385	1.01611870101	0.255599685675	0.684344281263
1455025_at	Paqr9			progestin and adipoQ receptor family member IX	9.99900009999e-05	5577.140884	5903.439351	4991.161947	4991.161947	4454.630335	4057.372375	3730.698353	5547.03072	1895.903738	2245.482868	2492.192858	2370.441378	2915.989885	3024.539947	3572.528982	3906.443411	0.828859490593	0.419515494636	0.62524167952
1416049_at	Gldc			glycine decarboxylase	9.99900009999e-05	3311.708556	2739.923694	2796.138292	2613.124234	2732.526932	3397.999677	3192.852077	2505.738245	1696.704959	1475.859838	2050.770024	1207.895558	2458.68296	2438.790304	2442.105819	2376.858	1.03212856956	0.561145574119	0.847790445066
1435454_a_at	BC006779			cDNA sequence BC006779	9.99900009999e-05	2452.045441	2769.769106	2841.93925	2834.247438	2725.131249	2892.397261	2638.002104	2692.125592	1428.682874	1798.402212	1845.262055	1696.704959	2230.343184	2465.355534	2435.496172	2380.089319	1.00455633744	0.621127852166	0.872754921192
1434520_at	Sc5d			"sterol-C5-desaturase (fungal ERG3, delta-5-desaturase) homolog (S. cerevisae)"	9.99900009999e-05	2442.105819	2681.21278	1786.264491	3218.873131	2203.330194	2104.205657	3491.254953	3954.336694	1229.34148	1605.091693	1522.545893	1477.866257	2130.003373	1664.842518	1622.564372	1615.987138	1.16040660507	0.576084370183	0.694419489756
1423702_at	H1f0			"H1 histone family, member 0"	9.99900009999e-05	2101.363456	2098.525095	2194.398765	2182.551529	2109.916222	1793.534772	2188.459545	2092.84536	1579.223885	1658.093905	1598.585286	1570.697888	1241.045247	1100.177051	1375.537733	1283.769077	0.954285844344	0.746965295697	0.583027056748
1425127_at	Hsd3b2			"hydroxy-delta-5-steroid dehydrogenase, 3 beta- and steroid delta-isomerase 2"	9.99900009999e-05	2101.363456	1752.73236	1998.691372	1747.988527	1890.785512	1694.401434	1729.16521	1774.220988	1035.154216	900.4191937	1398.069146	1311.879959	1508.17696	1456.015502	1394.285221	1405.658087	0.932611803031	0.611190579605	0.758361512842
1449459_s_at	Asb13			ankyrin repeat and SOCS box-containing 13	9.99900009999e-05	1759.866161	1745.627477	1764.642229	1916.555419	1793.534772	1524.605214	1822.913008	1596.426039	949.237312	1070.782685	1257.968429	1287.253074	1360.725175	1532.881014	1409.472876	1454.048827	0.937493870945	0.635235509405	0.801081841823
1449679_s_at	Stx5a			syntaxin 5A	0.000399960004	1303.034891	1487.898089	1698.999838	1403.759431	1473.866359	1560.096982	1568.565436	1457.994943	757.1592722	1177.221434	1127.311107	873.9966865	1342.428933	1282.035059	1264.796881	1209.529298	1.02830678358	0.667779777671	0.865126639733
1424318_at	1110067D22Rik			RIKEN cDNA 1110067D22 gene	9.99900009999e-05	1303.034891	1589.954759	1676.155173	1932.188323	1979.842568	1528.742812	1598.585286	2144.47681	321.8128224	348.1002404	609.6988438	293.9076295	1420.969625	1207.895558	1043.590499	1047.83802	1.11540930347	0.242030288368	0.726050118644
1452144_a_at	Mrpl44			mitochondrial ribosomal protein L44	0.000299970003	1485.88835	1432.56015	1461.941635	1249.478187	1360.725175	1261.373663	1364.408564	1049.262547	916.4065753	993.9510544	882.3186684	900.4191937	1092.75177	1036.554315	1033.748843	888.3115874	0.894473842189	0.655982570208	0.719620119634
1441380_at	Ttc39c			tetratricopeptide repeat domain 39C	0.000699930006999	1543.296986	1364.408564	1216.103244	1190.044659	1224.358216	1162.963417	1399.960105	1113.657584	895.5567213	1073.688662	788.5437551	1145.776549	789.6119426	896.7698722	881.1250671	694.318114	0.922294783879	0.73460168255	0.613834202383
1422528_a_at	Zfp36l1			"zinc finger protein 36, C3H type-like 1"	9.99900009999e-05	1303.034891	1598.585286	1626.967819	1261.373663	1043.590499	1159.823854	1244.413297	1417.123719	657.7192112	894.3452117	619.6848983	587.0200622	831.2963115	857.5880544	846.0557962	912.6918257	0.840238961071	0.47647455128	0.595449882201
1460694_s_at	Svil			supervillin	0.000799920007999	1018.470163	1148.886051	1155.122387	1292.492327	1085.376604	1015.715748	1024.0	1303.034891	778.9943207	710.4828425	780.0495722	754.0905708	939.0121402	769.5605319	750.017787	790.6815771	0.959513572693	0.655175807903	0.70407204875
1433901_at	Caprin1			cell cycle associated protein 1	9.99900009999e-05	1107.64511	1161.392575	1086.852164	1221.05291	940.2841572	854.1117317	959.5738287	1199.751582	499.6742283	501.0288958	559.0963049	465.0777143	812.382865	833.55004	804.7205139	763.3347184	0.863834552404	0.442408229668	0.702212875829
1429064_at	Dip2c			DIP2 disco-interacting protein 2 homolog C (Drosophila)	9.99900009999e-05	984.576162	988.5834883	907.7630782	1089.794198	879.9330806	793.8997325	1022.614732	885.9097962	638.4186557	637.5550026	620.524344	636.6925178	773.7389014	740.9349104	729.9829715	688.7010183	0.902194089282	0.637968046323	0.738747650839
1452207_at	Cited2			"Cbp/p300-interacting transactivator, with Glu/Asp-rich carboxy-terminal domain, 2"	0.000799920007999	1201.374307	780.0495722	871.6335995	901.6389314	901.6389314	984.576162	1175.631333	1052.102829	491.6221134	583.8496131	698.0884346	510.6156692	782.1643656	549.3428426	635.8311998	690.5686352	1.09568093024	0.6083516697	0.707888668722
1460173_at	Lasp1			LIM and SH3 protein 1	9.99900009999e-05	877.553943	891.9264887	811.283873	883.5138865	889.5149237	976.6115297	932.6771742	888.3115874	489.6296112	606.4063287	655.0535318	568.2535572	757.1592722	842.6268048	630.6872685	745.9675171	1.06432422903	0.669502534407	0.859180671506
1424033_at	Sfrs7			"splicing factor, arginine/serine-rich 7"	0.001699830017	691.5041024	783.2239114	850.6500903	1076.602526	739.9325732	732.9535693	807.9952491	802.5447338	338.8016287	629.8340744	578.3427752	614.671592	725.0582031	608.0503577	518.9785136	618.0089838	0.906362046309	0.635409282221	0.726075873668
1425108_a_at	BC004728			cDNA sequence BC004728	9.99900009999e-05	786.4117133	838.0764247	882.3186684	786.4117133	894.3452117	751.033786	958.2757166	812.382865	380.1204942	492.9552924	493.623066	476.5500725	631.5416184	598.2517908	570.5660122	632.3975639	1.0372945369	0.559710482033	0.738717145779
1427228_at	Palld			"palladin, cytoskeletal associated protein"	9.99900009999e-05	733.9464525	884.7113369	1098.6834	1040.773198	703.7816069	805.8106149	893.1347219	773.7389014	316.6271153	439.9665403	528.19323	370.9693027	683.129839	623.0495101	518.9785136	535.3924558	0.845228622032	0.440581636858	0.628120933842
1437007_x_at	Usp39			ubiquitin specific peptidase 39	0.000299970003	747.9899106	798.2102529	904.0839925	809.0897863	835.8098786	665.781974	813.4833457	637.5550026	515.4776262	575.2195902	512.0	520.3858776	638.4186557	619.6848983	608.8740429	569.0233323	0.905888754457	0.65137757483	0.747383077954
1451523_a_at	Mif4gd			MIF4G domain containing	9.99900009999e-05	669.3973363	782.1643656	713.3745808	738.931592	730.9718306	873.9966865	694.318114	686.8389284	373.4890147	473.3353958	578.3427752	501.0288958	663.981852	635.8311998	517.5753145	643.6256447	1.02832693785	0.663320841241	0.847495174433
1456735_x_at	Acpl2			acid phosphatase-like 2	0.000599940005999	577.5603928	678.5211613	757.1592722	667.5874391	894.3452117	815.6887815	902.8603214	642.7549476	389.4971603	453.2675279	419.0382124	423.6012393	524.6298191	556.0770553	618.0089838	405.6419365	1.21441917941	0.628687843102	0.784965535413
1420631_a_at	Blcap			bladder cancer associated protein homolog (human)	9.99900009999e-05	784.2848924	721.1427207	864.5820057	760.2409884	726.040391	717.2478857	774.7870337	722.1196045	340.64117	367.4703403	446.5673609	333.3419322	591.0068329	498.9982688	562.1323374	466.3385871	0.939284192817	0.475367946572	0.676775214523
1429652_at	Prrc1			proline-rich coiled-coil 1	0.000599940005999	613.8400639	803.6318875	857.5880544	739.9325732	654.167375	712.4095273	738.931592	618.0089838	222.228186	473.9765916	385.3015021	364.0046323	619.6848983	611.3517992	565.9500821	521.7966964	0.903324770041	0.479440951884	0.76908430626
1439934_at	Slc30a10			"solute carrier family 30, member 10"	9.99900009999e-05	643.6256447	696.2004807	609.6988438	962.1753305	820.1181751	701.8787425	817.9001964	883.5138865	190.317709	239.5689292	438.1833938	160.3627219	579.911123	559.8536753	577.5603928	526.7651164	1.10705452784	0.353206940291	0.77071472903
1428226_at	Ngdn			"neuroguidin, EIF4E binding protein"	0.001699830017	669.3973363	743.9505917	865.7537973	615.5042465	582.2710174	676.6865954	590.2073185	545.6367475	376.0258413	509.924908	548.599311	458.2032877	570.5660122	443.5549395	485.0114513	505.1153239	0.827332528894	0.65388980968	0.692407791052
1460348_at	Mad2l2			MAD2 mitotic arrest deficient-like 2 (yeast)	0.001299870013	719.1924174	610.5247621	559.8536753	714.3409417	712.4095273	738.931592	727.0239093	671.2121403	347.6293302	401.2723669	587.815259	405.0929031	558.3399591	447.7783607	408.3968703	435.8167998	1.09434473653	0.668920453274	0.710597030355
1425099_a_at	Arntl			aryl hydrocarbon receptor nuclear translocator-like	9.99900009999e-05	819.0081511	696.2004807	784.2848924	733.9464525	785.3478551	648.8751024	796.0520751	862.2443739	71.61098469	74.52884517	100.3180917	12.27106024	603.9481974	594.2161475	666.6838644	578.3427752	1.01947605038	0.0852922700918	0.805419261059
1434674_at	Lyst			lysosomal trafficking regulator	9.99900009999e-05	645.3705791	792.825195	949.237312	671.2121403	675.7711734	597.4424754	667.5874391	656.8294482	400.7292476	307.335796	512.0	488.96724	451.4301607	349.5170442	264.8126077	346.2204184	0.849274872966	0.55875466329	0.461635831058
1435775_at	Clock			circadian locomoter output cycles kaput	9.99900009999e-05	623.8935136	746.9780294	717.2478857	689.6344336	620.524344	559.0963049	588.6115331	735.9367658	322.2487607	406.7416729	513.3880839	265.8904223	528.9087381	504.4320036	463.8202506	477.1959538	0.901508582811	0.542981493166	0.710774620061
1438751_at	Slc30a10			"solute carrier family 30, member 10"	0.000199980002	645.3705791	664.8813038	638.4186557	925.1323737	763.3347184	599.8741278	743.9505917	674.8569897	178.1023818	195.1443658	362.038672	132.6754839	516.1759093	575.9988017	527.4786899	476.5500725	0.96806096747	0.302025201445	0.729417965452
1427177_at	Fyco1			FYVE and coiled-coil domain containing 1	0.000199980002	741.9386053	650.6342685	565.1844645	602.3152597	566.7167369	590.2073185	595.8271277	580.6966898	457.58343	496.3032184	448.9923332	565.9500821	430.5389646	398.5652168	439.3713533	383.220519	0.911477227139	0.769052043773	0.645175474707
1451459_at	Ahctf1			AT hook containing transcription factor 1	0.000199980002	603.9481974	605.5859819	624.7386604	628.1311472	655.0535318	566.7167369	642.7549476	770.6030041	292.3202576	306.920032	397.4875877	261.6056701	536.843959	479.7869143	395.8763303	398.5652168	1.07014455565	0.511018319534	0.735489558186
1424723_s_at	Cstf3			"cleavage stimulation factor, 3' pre-RNA, subunit 3"	0.000999900009999	559.0963049	563.6563351	725.0582031	692.4408367	635.8311998	610.5247621	584.6405151	533.9448772	431.122187	435.2272266	394.8059713	322.6852895	455.7285678	353.3230352	420.1742674	387.918293	0.930987025028	0.623497540419	0.636607851206
1418746_at	Pnkd			paroxysmal nonkinesiogenic dyskinesia	9.99900009999e-05	562.8938205	643.6256447	626.4328244	627.281411	533.2225562	518.9785136	616.3380289	734.9406806	213.5279329	268.7857791	332.4406519	246.3107869	497.6487467	494.9613281	340.64117	420.7434494	0.976931491798	0.431286324767	0.712938243945
1415892_at	Sgpl1			sphingosine phosphate lyase 1	0.000299970003	493.623066	538.2997705	537.5715582	619.6848983	565.9500821	527.4786899	575.2195902	583.8496131	406.7416729	304.8494219	407.8443907	338.8016287	460.0679033	406.7416729	424.1750636	413.9632826	1.02892347945	0.666111322569	0.778806892543
1428890_at	Fem1c			fem-1 homolog c (C.elegans)	9.99900009999e-05	569.7941502	596.6342549	463.1927943	569.7941502	599.0626177	544.1614707	599.8741278	597.4424754	274.6714213	328.4147241	363.0201955	327.9704445	413.4032728	379.0924726	402.9053075	393.7385063	1.06416493457	0.58837308089	0.722528175267
1460174_at	Dexi			dexamethasone-induced transcript	9.99900009999e-05	553.0737269	554.5731658	631.5416184	600.6867371	583.8496131	610.5247621	589.4088857	477.8423792	272.0807353	365.4859153	331.0932985	283.3583684	413.9632826	422.4556257	331.5418085	375.0088935	0.966558213665	0.535079089564	0.659423878041
1417505_s_at	Gm13305 /// Gm2002 /// Il11ra1 /// Il11ra2			"predicted gene 13305 /// predicted gene 2002 /// interleukin 11 receptor, alpha chain 1 /// interleukin 11 receptor, alpha chain 2"	9.99900009999e-05	628.9820345	608.8740429	587.815259	553.8229389	504.4320036	447.7783607	685.9097723	568.2535572	299.1258954	292.7162443	417.9049393	301.9740987	419.0382124	343.8846716	385.3015021	317.0560289	0.927244800167	0.551260488969	0.615794889784
1434105_at	Epm2aip1			EPM2A (laforin) interacting protein 1	9.99900009999e-05	575.2195902	697.1440602	598.2517908	669.3973363	492.288081	405.0929031	476.5500725	630.6872685	231.5963972	343.8846716	325.7578196	327.5267659	434.6384509	366.9732262	395.3407886	376.0258413	0.789215842872	0.483763572052	0.619279682738
1448227_at	Grb7			growth factor receptor bound protein 7	0.001299870013	501.7076061	607.2277868	476.5500725	516.1759093	528.9087381	468.2366332	659.5023546	562.8938205	327.9704445	498.9982688	424.1750636	394.2718776	375.516893	271.3449032	321.3774738	372.4791859	1.05608904133	0.78291187834	0.637932671761
1449738_s_at	Fam48a			"family with sequence similarity 48, member A"	0.000399960004	549.3428426	500.3511036	448.9923332	535.3924558	445.9632444	441.7569432	460.0679033	527.4786899	263.0262541	350.4646203	408.9500982	422.4556257	312.3693302	338.8016287	299.9370639	318.3462589	0.921924381956	0.710344478459	0.62409299096
1455174_at	Rps19bp1			ribosomal protein S19 binding protein 1	0.000199980002	425.3250452	479.7869143	540.4903313	452.6543473	431.122187	429.9565312	458.823985	416.77502	253.7572093	328.4147241	338.3432977	320.9427142	407.2926586	340.64117	361.0598023	383.7396422	0.914880363563	0.65399900118	0.786370632474
1418442_at	Xpo1			"exportin 1, CRM1 homolog (yeast)"	9.99900009999e-05	403.4510963	505.1153239	514.7802878	487.6451845	505.1153239	400.7292476	555.3247939	403.4510963	232.0670683	299.5313088	289.5631087	256.0	401.8159437	379.0924726	376.5352183	305.262381	0.975734365498	0.56366617254	0.765417174893
1456009_x_at	Top3b			topoisomerase (DNA) III beta	9.99900009999e-05	442.9548981	396.9498663	446.5673609	438.7769715	417.3395972	393.7385063	431.122187	407.2926586	268.4219795	283.3583684	281.4469102	266.2506062	316.6271153	288.3895344	271.7126644	287.9994008	0.956089733453	0.637286445383	0.675107563922
1455037_at	Plxna2			plexin A2	0.000399960004	445.359945	572.8878775	526.0525083	396.9498663	492.9552924	394.2718776	501.7076061	450.8194657	214.9782656	147.1528833	287.6097951	202.1356532	237.6307951	173.2273599	158.9577999	166.107914	0.947716190601	0.438828852908	0.379097897839
1452062_at	Prpsap2			phosphoribosyl pyrophosphate synthetase-associated protein 2	0.002099790021	442.9548981	422.4556257	383.7396422	364.0046323	410.0590876	312.7926928	400.1871409	289.9555615	239.4067469	267.6962279	308.5864704	242.6700073	308.5864704	273.9285828	253.9289371	269.5144846	0.875919957768	0.656080528425	0.685587319993
1424697_at	Dtwd1			DTW domain containing 1	0.001299870013	459.4455232	395.3407886	366.4767846	389.4971603	397.4875877	383.7396422	403.9976246	402.9053075	171.1295393	290.7416604	312.7926928	235.0710393	300.7502236	268.0588581	182.9905073	227.8642839	0.985950674779	0.626868540864	0.608199680136
1423099_a_at	Mettl3			methyltransferase like 3	0.000399960004	347.159057	432.8768986	378.5796361	320.5085427	336.9717878	341.5649195	356.6872904	311.9467568	165.4345782	237.6307951	263.3825582	232.5388572	335.1520621	299.1258954	264.096615	296.7061458	0.910789516018	0.607783192629	0.80796512646
1424040_at	Mtap7d1			microtubule-associated protein 7 domain containing 1	0.000499950005	354.7608505	374.5015813	395.8763303	356.6872904	352.8450596	433.463288	399.1051265	297.5105462	156.6082061	225.8679874	246.1440405	256.6940419	258.4375691	267.3340883	219.5369548	264.096615	1.00074095593	0.597448178487	0.681190093464
1443908_at	---			---	0.000199980002	367.4703403	424.7496652	346.2204184	408.3968703	282.9750411	309.0044919	421.3134024	374.5015813	165.099049	189.1618046	210.3717247	180.0417896	266.6112781	297.9135638	259.4892568	259.4892568	0.897181960833	0.481417386749	0.700463687786
1433899_x_at	Tsc22d1			"TSC22 domain family, member 1"	0.000599940005999	423.6012393	276.5368635	476.5500725	518.9785136	334.6986682	236.5074797	337.8855867	352.3677306	213.0948623	225.7150803	247.8159096	200.5003577	222.5293779	149.1585637	189.6746414	224.9525639	0.743931265182	0.523172517162	0.463720347901
1418660_at	Clock			circadian locomoter output cycles kaput	0.000199980002	407.8443907	319.6419609	351.4147654	314.4910172	317.9155999	354.7608505	353.8016583	390.0247861	168.4858939	195.5410914	279.1699796	146.4572701	269.5144846	230.0339517	242.8342319	260.1929388	1.01658597033	0.566713573027	0.719521506109
1423607_at	Lum			lumican	0.004799520048	442.3556684	255.3078346	329.3050897	292.7162443	429.9565312	241.1961385	472.0556053	352.3677306	215.5610935	193.6967584	228.1729564	252.0452578	203.0957162	247.1458721	231.4396121	183.7351702	1.13328270786	0.674006430294	0.655775035324
1436233_at	AI117581			expressed sequence AI117581	9.99900009999e-05	340.1803504	390.0247861	375.0088935	364.0046323	368.9659824	268.7857791	299.1258954	331.0932985	114.2411027	157.0327868	177.0205451	210.3717247	232.2242785	230.657597	253.4139264	201.9988123	0.863023992232	0.448310504216	0.625022427065
1428270_at	Glt8d1			glycosyltransferase 8 domain containing 1	0.000399960004	336.0606933	339.7201543	321.8128224	278.4151678	298.7212377	308.5864704	359.5962087	269.1498852	194.4851242	193.8279752	213.8171849	242.9987361	253.5854219	235.5489352	221.7774697	204.6135675	0.968687492895	0.662322231135	0.717491421046
1434599_a_at	Tjp2			tight junction protein 2	9.99900009999e-05	315.3436342	302.792991	335.6060702	353.8016583	291.5298905	305.6758996	313.6407055	277.662397	133.3958524	145.7649452	198.2062987	134.029429	288.3895344	259.8407695	273.558012	221.6273318	0.908962582598	0.467591423243	0.797996369873
1427125_s_at	Lrrc41			leucine rich repeat containing 41	0.000399960004	332.4406519	348.1002404	293.9076295	294.7044429	264.454369	299.5313088	353.8016583	309.4232941	137.5217501	244.1528824	254.6175407	204.0603392	196.7359775	214.2518721	182.4957429	182.6192451	0.966952498504	0.662136508186	0.611512449001
1433936_at	Sdhaf1			succinate dehydrogenase complex assembly factor 1	9.99900009999e-05	381.6673592	360.5713604	364.0046323	335.1520621	254.2729176	268.4219795	292.7162443	362.5291015	135.1225828	225.7150803	209.5191062	198.8782918	188.3950175	135.0311081	123.9079548	163.9852222	0.817222138671	0.533673864665	0.424116308865
1448333_at	Adprh			ADP-ribosylarginine hydrolase	9.99900009999e-05	329.7511773	334.2458876	275.0435003	248.6560977	307.7521233	274.2996555	362.038672	272.8183738	154.1888893	159.0654834	176.0645931	173.4621396	184.4829912	214.2518721	187.8856405	215.9993259	1.02459564181	0.558039039852	0.67577846665
1435445_at	Ccnt2			cyclin T2	0.000999900009999	306.920032	308.1690145	303.6138934	220.2812668	293.5100311	293.5100311	304.8494219	249.8371142	203.0957162	197.804303	204.7520378	241.5228708	214.3970136	179.4334435	197.9381651	149.8670069	1.00239019258	0.743798660962	0.651137763577
1452381_at	Creb3l2			cAMP responsive element binding protein 3-like 2	0.000199980002	218.7953095	261.2517698	322.2487607	259.8407695	330.6453953	358.1387962	387.918293	241.6863191	99.6413042	182.9905073	132.5856658	137.5217501	210.6567012	167.1229438	189.931581	166.4454935	1.24126105042	0.520403140666	0.691207433143
1436395_at	Card6			"caspase recruitment domain family, member 6"	0.001199880012	303.2031644	295.5034165	254.6175407	230.8138523	259.4892568	275.4160833	271.7126644	240.2184248	176.1838653	219.2399651	235.5489352	189.6746414	192.2598896	183.1144713	172.6421588	151.4989516	0.965593360349	0.756958456171	0.645227349415
1452838_at	Ddx10			DEAD (Asp-Glu-Ala-Asp) box polypeptide 10	0.000399960004	311.1033242	250.3448557	252.557662	271.3449032	234.9120648	293.9076295	227.248191	260.1929388	171.8260541	216.584922	230.657597	193.9591465	208.8111587	145.9624033	164.987281	204.0603392	0.936343231613	0.749092146728	0.666900709718
1425745_a_at	Tacc2			"transforming, acidic coiled-coil containing protein 2"	0.001699830017	321.3774738	316.6271153	249.3302296	195.6735576	301.1576299	443.5549395	400.7292476	186.6180859	64.0	142.2558331	195.012393	146.9538148	165.6586814	147.5518296	156.9264794	179.3119714	1.22996269655	0.506202955487	0.599671226938
1458399_at	Lrrc3			leucine rich repeat containing 3	0.000399960004	259.8407695	306.0901904	247.1458721	305.6758996	221.3275142	224.192468	256.3467861	257.3901439	113.3935681	190.317709	204.8907438	190.0602471	196.8692532	217.1721057	188.2676092	179.0693981	0.857434252543	0.624501061107	0.698437057742
1453286_at	Plxna2			plexin A2	0.000299970003	330.6453953	303.6138934	349.5170442	261.9600498	416.2112065	278.7923183	408.9500982	305.6758996	115.6415467	95.35224493	145.9624033	120.9250228	135.0311081	80.94482818	88.27096105	91.61919616	1.13156326023	0.3836134389	0.317776777645
1429264_at	C030044B11Rik			RIKEN cDNA C030044B11 gene	9.99900009999e-05	301.1576299	262.67025	232.0670683	275.7891711	237.9526976	236.3475337	239.4067469	319.6419609	204.0603392	173.1102092	227.4021367	212.6625226	155.026066	151.1915814	172.291892	123.2388231	0.964229030262	0.762570978689	0.561497881384
1417060_at	Ppp1r11			"protein phosphatase 1, regulatory (inhibitor) subunit 11"	0.000599940005999	251.1936179	273.558012	279.9268377	222.9816222	269.1498852	257.3901439	333.7937196	223.8891803	126.1080009	150.0700217	172.291892	193.9591465	166.7838747	194.3534625	126.7069632	199.9582506	1.05504041634	0.625137696283	0.669289931395
1434962_x_at	Ccl27a			chemokine (C-C motif) ligand 27A	0.001099890011	303.2031644	292.3202576	217.3192255	230.9702135	224.3441882	222.0778968	287.2207164	221.477449	206.9816413	144.1947672	220.5796671	203.9221954	180.5299011	167.9167106	163.6525191	143.8048975	0.915030161139	0.74312005531	0.628373200606
1418543_s_at	Ccdc43			coiled-coil domain containing 43	0.000799920007999	305.262381	244.48362	240.8696813	220.8784716	272.0807353	247.6481443	237.9526976	204.3367661	122.5732199	171.361357	178.8271529	173.5795285	194.3534625	161.5613168	161.3426448	134.3928896	0.951086409734	0.638996533799	0.644245259538
1424908_at	Mtfmt			mitochondrial methionyl-tRNA formyltransferase	0.000199980002	250.0061891	227.7101832	268.0588581	203.784145	224.3441882	220.4304928	211.5139491	235.3894743	193.9591465	198.0722552	213.3835277	182.6192451	177.3804252	150.8849394	153.148667	149.3606188	0.939044074021	0.829894575227	0.664281420142
1436545_at	Dtx4			deltex 4 homolog (Drosophila)	0.000899910008999	265.8904223	213.5279329	237.309328	244.9804817	223.8891803	243.8225923	273.1879426	242.0137154	89.59535291	104.2643394	149.7656544	119.8655276	197.4029857	231.1265204	193.0422733	200.5003577	1.02204958476	0.481945450009	0.85480415692
1436897_at	Mfhas1			malignant fibrous histiocytoma amplified sequence 1	0.000299970003	256.0	237.1486754	263.739345	245.3125104	197.9381651	191.351049	240.8696813	258.7876572	152.7345881	154.5022459	190.8336796	186.6180859	155.2360695	168.0303466	126.7069632	178.2229109	0.886994693458	0.683185229361	0.626816960173
1435384_at	Ube2n			ubiquitin-conjugating enzyme E2N	9.99900009999e-05	202.4094728	210.6567012	259.8407695	206.8416631	282.5922323	240.0559692	253.9289371	220.5796671	132.3167597	159.0654834	138.8311985	141.20056	173.9324131	183.3625243	193.9591465	172.6421588	1.13345653317	0.649519643809	0.822844432227
1450950_at	Smc3			structural maintenace of chromosomes 3	0.000199980002	253.5854219	243.1631832	215.7071219	235.5489352	227.556029	235.7083407	228.4822054	213.672584	194.6167401	176.9008292	185.8617388	170.8980352	169.2861342	141.1049707	138.2684317	141.4875205	0.955078804147	0.768221267615	0.622514931235
1438619_x_at	Zdhhc14			"zinc finger, DHHC domain containing 14"	0.000399960004	270.2451657	328.4147241	238.7594458	213.0948623	228.1729564	192.5203312	249.1616118	191.0921892	127.0504786	170.7824597	130.8914453	158.099391	180.8967903	158.5280144	111.1893655	180.5299011	0.819548265336	0.558606229	0.600795374838
1460006_at	Zfhx3			zinc finger homeobox 3	0.000299970003	212.23106	273.9285828	225.1047984	200.9079719	223.1326775	242.8342319	208.38751	214.9782656	161.8896564	161.9993259	211.2278129	197.804303	149.2596088	139.0192638	133.0351805	140.6281888	0.974961172064	0.803489655765	0.616048275337
1449403_at	Pde9a			phosphodiesterase 9A	0.000199980002	245.4785233	247.9837885	210.3717247	219.0916969	254.962454	221.1778342	335.6060702	185.610305	104.0528016	109.1017929	137.3357106	73.42716531	174.7585221	172.6421588	144.5856938	115.719806	1.08064671653	0.459319157619	0.658456210188
1428307_at	Zdhhc13			"zinc finger, DHHC domain containing 13"	9.99900009999e-05	211.3709058	322.6852895	195.5410914	175.8264129	181.7559773	179.3119714	175.5885548	197.4029857	130.5374543	141.4875205	153.148667	133.9387872	174.1680277	161.9993259	176.0645931	160.0374793	0.810735890307	0.617514683178	0.742491527775
1429006_s_at	2610110G12Rik			RIKEN cDNA 2610110G12 gene	0.000699930006999	198.8782918	305.6758996	252.557662	193.6967584	157.6718171	203.0957162	262.3149095	163.4311299	116.5058026	97.11101229	137.3357106	109.1757022	133.0351805	128.9566177	131.335125	114.8613808	0.827204931612	0.483933592922	0.534480123227
1434829_at	Cbl			Casitas B-lineage lymphoma	9.99900009999e-05	208.38751	210.2293082	208.1056033	186.1135133	195.5410914	172.8760256	170.7824597	195.5410914	152.424711	137.4286513	161.8896564	133.4862193	149.2596088	127.1364588	137.0570757	110.9637778	0.90392247272	0.719984455589	0.645169459971
1425343_at	Hdhd3			haloacid dehalogenase-like hydrolase domain containing 3	0.000199980002	189.4180494	178.3436452	214.1069772	228.6368286	192.7811256	170.8980352	214.8327306	226.9407696	49.18399437	117.6151422	123.3222238	103.7714667	174.6402148	141.1049707	119.4605948	161.8896564	0.993765817262	0.485984150478	0.736695107443
1426599_a_at	Slc2a1			"solute carrier family 2 (facilitated glucose transporter), member 1"	0.000399960004	253.4139264	169.8600771	191.6102595	170.2054001	171.7097321	194.6167401	168.7142474	244.48362	98.63467433	153.148667	110.5889171	113.7010684	151.6015822	133.0351805	159.2809588	111.7931515	0.992911225607	0.606393574143	0.707831091299
1457265_at	Sfrs17b			"splicing factor, arginine/serine-rich 17b"	0.000299970003	143.3189928	272.0807353	321.8128224	221.477449	202.5464515	194.3534625	171.7097321	198.0722552	63.13941549	101.9610977	111.5663388	86.26264214	141.8712059	122.8224094	114.6283431	96.52113665	0.799718263151	0.378568144363	0.49634719805
1444085_at	Pdss2			"prenyl (solanesyl) diphosphate synthase, subunit 2"	9.99900009999e-05	212.3748326	183.2383923	162.7687576	165.8830881	170.8980352	178.8271529	195.2765633	164.2073621	123.6565629	126.0226289	160.7975929	161.4519438	145.8636914	98.56796939	109.2495858	121.3350037	0.979212090005	0.78966769449	0.655859670129
1452338_s_at	Itsn1			intersectin 1 (SH3 domain protein 1A)	9.99900009999e-05	201.0439344	162.8789098	180.7744529	184.2334225	173.2273599	233.9598242	212.8064399	189.1618046	89.95995286	104.4055793	108.9541999	86.4380128	149.7656544	126.5354662	118.4941479	117.5355196	1.11005807115	0.534697927224	0.702852513036
1418553_at	Arhgef18			rho/rac guanine nucleotide exchange factor (GEF) 18	0.000599940005999	251.1936179	200.0935704	175.4696856	185.610305	167.2360427	212.9506023	185.2337276	142.6415031	97.70442515	122.1590553	140.7234551	105.9719769	110.9637778	114.8613808	100.1823119	121.3350037	0.871603252927	0.574320239133	0.550665371299
1434826_at	Rfesd			Rieske (Fe-S) domain containing	0.001099890011	181.3873456	209.9449099	181.2645508	196.0712231	168.0303466	182.1254845	175.3510185	148.4534694	61.16226799	110.9637778	137.0570757	145.6662659	151.2940038	134.7572423	146.4572701	102.5841478	0.876789840637	0.59173709585	0.696129725101
1440892_at	---			---	0.000499950005	156.5021862	190.4465047	199.687747	169.8600771	191.4806768	180.7744529	142.4485375	216.584922	105.6854529	118.1737669	109.7684774	132.9452111	141.6791842	139.868764	116.9008006	110.0661472	1.02064500509	0.651186570391	0.70972417221
1424215_at	Fundc1			FUN14 domain containing 1	9.99900009999e-05	184.732898	192.390133	184.8579142	164.5411932	213.0948623	162.9892495	207.6833861	178.9481725	65.31294244	100.5900642	101.4791127	99.17028523	151.8069467	150.1716843	146.7550156	111.2646889	1.04981752116	0.504530261634	0.770793215928
1417743_at	Clk2			CDC-like kinase 2	0.001399860014	159.0654834	271.3449032	171.8260541	141.583369	150.6808222	185.4846513	160.7975929	190.4465047	87.73484282	149.6642667	131.6021273	139.7740762	120.1905785	133.3958524	91.37147882	102.9319462	0.924161419386	0.684003445976	0.602148329581
1455604_at	Fzd5			frizzled homolog 5 (Drosophila)	0.00629937006299	240.381157	142.5449382	173.8146651	175.1136822	142.3521034	159.496726	199.2826084	215.1237501	111.0389484	143.1251108	84.52856189	87.85369134	124.5808059	67.51555407	111.4908111	103.4908206	0.978685304489	0.582829436647	0.556228080381
1417948_s_at	Ilf2			interleukin enhancer binding factor 2	0.000399960004	152.424711	160.4713571	159.2809588	174.286015	184.2334225	145.6662659	166.5582494	167.576031	109.3235952	147.8518003	141.009446	145.3708302	121.9937984	102.2375245	91.00115808	103.9120389	1.02718009501	0.840814766614	0.648365788473
1434320_at	Gtf3c4			"general transcription factor IIIC, polypeptide 4"	0.000599940005999	146.2591426	190.0602471	164.6525448	179.5548734	152.6311905	170.0901752	182.3721977	146.8543306	101.8231647	121.9112961	116.5846468	134.2109898	127.3087703	105.0435669	95.4168398	102.6536418	0.95800471992	0.697298169435	0.632484736536
1421037_at	Npas2			neuronal PAS domain protein 2	0.000199980002	224.192468	223.8891803	200.6361835	244.9804817	261.9600498	126.0226289	291.9248065	222.3787309	11.32520296	11.10505782	11.26785501	10.90763179	96.12994478	120.1092124	98.16848188	62.62861197	1.00960939779	0.0499114151903	0.421883140356
1442351_a_at	BC029214			cDNA sequence BC029214	9.99900009999e-05	298.7212377	89.59535291	122.9887887	263.3825582	141.3918349	206.1427625	299.9370639	265.1713316	47.67612247	45.31613769	32.50209932	31.25077363	66.74310965	74.37763655	68.52853783	54.99581754	1.17807822829	0.202333256426	0.341615105588
1431829_a_at	Rgl3			ral guanine nucleotide dissociation stimulator-like 3	0.001799820018	170.6668442	164.5411932	161.4519438	171.0138073	152.5279687	144.9777808	174.1680277	198.8782918	59.81121004	115.0948923	152.0125894	96.58652337	87.85369134	107.0534886	64.0	67.56129142	1.00431090834	0.634299597205	0.488964037503
1455214_at	Mitf			microphthalmia-associated transcription factor	9.99900009999e-05	176.4225298	178.1023818	195.2765633	150.9870494	168.7142474	132.1376699	172.4086084	123.4057665	90.14284009	86.14594599	77.88118876	66.87879739	100.5900642	117.2970565	116.0335342	107.125936	0.851421322568	0.458125042145	0.629357610187
1454941_at	LOC100045684			similar to N-myristoyltransferase 1	0.001399860014	125.8521454	169.6302903	168.4858939	139.4904942	125.3420775	149.4618008	144.7815544	152.6311905	78.19817321	108.5860528	99.43914592	113.8550916	122.9887887	125.4269015	109.8428383	96.97957324	0.948228115378	0.662975579694	0.754381382434
1419158_a_at	Hars2			"histidyl-tRNA synthetase 2, mitochondrial (putative)"	0.003699630037	132.3167597	169.9751462	140.9140838	161.0154147	143.9997004	140.4379469	147.4520429	105.6139064	88.27096105	103.9823604	128.0867116	101.9610977	121.8287652	100.1145603	89.95995286	73.87585412	0.889580529067	0.698917859703	0.638473131986
1427917_s_at	Ssbp3			single-stranded DNA binding protein 3	9.99900009999e-05	186.4918793	149.2596088	129.8325218	152.2185107	119.0569475	135.7643608	143.1251108	130.184511	99.97912529	104.3348993	115.1727816	113.6240955	110.6637571	76.47074372	91.37147882	90.93955252	0.854853958166	0.701050719685	0.597999392753
1451453_at	Dapk2			death-associated protein kinase 2	0.003299670033	112.9339937	205.4462234	216.2919258	155.2360695	136.9642914	103.0016044	136.2246525	159.9291378	78.19817321	96.26016559	91.00115808	67.33300747	130.0964694	81.99261112	70.40934419	65.93483624	0.777088424901	0.482372145118	0.505042924098
1419697_at	Cxcl11			chemokine (C-X-C motif) ligand 11	0.000799920007999	110.5140511	137.7080417	126.9644685	163.4311299	113.0104991	139.9634188	176.0645931	183.3625243	58.48995605	91.74330656	87.43839413	81.82625957	113.0104991	79.58656472	110.2152464	104.193755	1.13698648467	0.593181251804	0.755649270103
1434131_at	Rufy1			RUN and FYVE domain containing 1	0.004199580042	133.6670442	149.9685319	143.9997004	118.8958872	129.5691098	147.9518576	146.1601288	118.9763488	77.19887936	98.96908257	122.7392617	91.00115808	92.74232567	86.2043042	77.67061585	107.7805467	0.992912172338	0.713423877003	0.66674659493
1418925_at	Celsr1			"cadherin, EGF LAG seven-pass G-type receptor 1 (flamingo homolog, Drosophila)"	0.000299970003	103.841693	127.2225854	139.0192638	223.4349405	154.5022459	139.6795494	181.6330589	145.0758931	52.41522406	37.28964093	96.45586106	30.35427899	98.90215148	121.0888319	94.32511181	88.57023245	1.04611863893	0.36479909447	0.678810078175
1439497_at	---			---	0.001199880012	117.6947372	309.0044919	135.5806987	98.76835659	113.6240955	135.2141195	138.3620995	100.8627741	57.89909929	88.57023245	81.82625957	72.53794655	82.9977315	81.49462477	98.90215148	96.71736267	0.738316852377	0.455085573874	0.544758800414
1451552_at	Lipt1			lipoyltransferase 1	0.003799620038	113.3935681	148.3530729	169.8600771	147.8518003	121.417116	130.802835	132.3167597	122.9887887	65.93483624	87.26105433	118.4139303	98.90215148	117.7744676	84.81514516	72.14622482	72.63620885	0.875861659263	0.639410692198	0.599476986531
1436385_at	Ganc			"glucosidase, alpha; neutral C"	0.00509949005099	164.0961977	181.879105	125.6818925	111.2646889	95.1588545	150.4768768	160.3627219	116.0335342	64.56565331	83.61802134	107.4163653	60.79079581	112.3240461	66.92405698	89.35304564	90.0208948	0.895543642535	0.542767126076	0.615214582437
1455778_at	Zfp192			zinc finger protein 192	0.000799920007999	167.1229438	148.9567819	113.6240955	117.0591583	107.3437215	136.779006	126.7069632	135.4889138	66.6076972	104.6177618	87.20198073	77.04225362	107.853561	106.6195361	95.93491055	78.8893147	0.926029419481	0.613555975675	0.712003805938
1428985_at	Ints12			integrator complex subunit 12	0.000399960004	130.9800249	142.9314911	137.1498277	130.0083973	130.802835	143.3189928	132.2271845	124.5808059	47.19450543	61.32812761	98.56796939	77.7231787	116.426931	109.4716886	103.5609289	87.55684108	0.98125949017	0.52639014816	0.77072576413
1418159_at	Tcfcp2			transcription factor CP2	9.99900009999e-05	132.0483075	154.3977587	142.83473	107.5618751	144.0971509	152.5279687	139.3961591	110.8887349	62.0799289	77.61803474	84.30001601	61.45276417	101.8231647	99.97912529	85.3334221	100.4539859	1.01875287275	0.531721413145	0.721980048738
1449514_at	Grk5			G protein-coupled receptor kinase 5	0.000199980002	259.4892568	134.6660149	169.4008144	122.5732199	169.2861342	96.3905628	235.2302844	89.41357645	59.40769877	32.67857118	54.5878511	43.48310327	76.26398433	61.36963084	76.52254761	68.11232623	0.860363422299	0.27714488021	0.411392556099
1417961_a_at	Trim30			tripartite motif-containing 30	0.002099790021	204.7520378	114.2411027	106.4753011	117.4560324	128.5208841	132.5856658	121.8287652	103.3508182	99.43914592	94.5809023	64.8723142	84.58582442	86.4380128	103.6310846	77.14661761	85.3334221	0.895679153524	0.632644508194	0.64935208117
1439038_at	9130227C08Rik			RIKEN cDNA 9130227C08Rik gene	0.001899810019	209.6608963	109.6942429	102.3760189	122.7392617	113.5471748	116.3481935	144.2924496	115.3287985	68.62136886	89.95995286	65.0482347	89.05119091	88.87051849	88.93066077	106.11553	79.64047938	0.899069258124	0.574284177724	0.667726244474
1453212_at	Zfp383			zinc finger protein 383	0.000199980002	104.193755	157.4585186	141.20056	117.5355196	108.0727507	142.1595294	122.1590553	121.3350037	76.833949	94.8373207	73.08006439	85.39122987	96.84837921	78.14523496	90.75504887	96.3905628	0.948765159835	0.634415743415	0.695901865622
1450783_at	Ifit1			interferon-induced protein with tetratricopeptide repeats 1	0.000599940005999	229.5672449	84.64306708	121.8287652	144.8796343	176.1838653	179.5548734	189.931581	98.16848188	89.83825498	82.32627242	52.06160919	59.97336429	58.01676708	56.50524953	40.6921894	30.27220797	1.10831135038	0.489224215477	0.319298398062
1435781_at	Cand1			cullin associated and neddylation disassociated 1	0.001499850015	107.1985068	138.0813821	120.2719163	145.7649452	119.7033734	129.3938286	110.8136659	133.2153944	63.39635547	79.74836301	80.78065842	83.84471826	111.8688064	92.0543505	97.90298892	78.9427023	0.964424228063	0.601916708027	0.74468291489
1434554_at	Trim37			tripartite motif-containing 37	0.001399860014	120.4348406	111.3399863	172.291892	100.7263269	120.1905785	131.6021273	114.0864782	148.8559418	76.31559526	59.52847373	70.74376027	92.11671126	107.5618751	90.87798867	91.55723567	60.09528924	1.01969535849	0.591736639412	0.6935364732
1447854_s_at	Hist2h2be			"histone cluster 2, H2be"	0.000999900009999	164.987281	139.5849898	126.1933433	127.2225854	145.0758931	90.26495057	146.4572701	121.3350037	63.26773312	66.33774193	79.74836301	52.84272645	68.57491387	73.77591482	84.1859749	62.58621393	0.901691322363	0.469896253621	0.518152566271
1428795_at	1110021L09Rik			RIKEN cDNA 1110021L09 gene	9.99900009999e-05	134.3019089	146.3581221	130.7142847	110.5140511	137.3357106	100.4539859	125.51187	105.4710319	39.65882419	70.93560293	74.07619039	51.60550258	85.3334221	91.00115808	84.81514516	62.88347328	0.898223888902	0.452733065385	0.620886034703
1435122_x_at	Dnmt1			DNA methyltransferase (cytosine-5) 1	0.000199980002	133.9387872	123.740332	110.7387245	96.45586106	96.71736267	98.23491648	125.4269015	102.7231117	93.43544247	86.0294077	91.68126213	67.06011258	85.79680388	89.77743668	59.68986145	49.15073208	0.910144600604	0.727522811931	0.611810973987
1436597_at	Ankhd1			ankyrin repeat and KH domain containing 1	0.000399960004	107.7076566	128.8694066	141.3918349	105.9003098	101.9610977	117.3765175	97.04527051	93.87922325	60.74968403	69.65089567	95.67552452	71.41736498	65.75656353	89.05119091	53.41814601	69.88703812	0.847878108922	0.614822072459	0.574768830149
1440344_at	Snord89			"small nucleolar RNA, C/D box 89"	0.000299970003	108.5126179	105.4710319	95.99990014	107.4163653	120.6796829	92.0543505	108.5860528	92.36644899	88.99090543	88.7502944	85.04508761	75.69824774	67.37862115	69.74524708	65.1804316	75.08584214	0.991103543833	0.810935802384	0.664566838281
1453565_at	Ndufab1			"NADH dehydrogenase (ubiquinone) 1, alpha/beta subcomplex, 1"	0.004199580042	83.33548304	101.4791127	110.5140511	110.5140511	91.80545661	102.5841478	97.44018721	113.4703848	74.12632075	59.28716885	97.30837007	71.61098469	79.69437532	73.9759288	73.87585412	78.35709461	0.998663222173	0.744950804572	0.753748322694
1428618_at	Hcfc2			host cell factor C2	9.99900009999e-05	111.114093	103.3508182	101.3418317	96.3905628	96.45586106	112.9339937	94.90150096	116.0335342	76.67806365	78.67601605	83.11016297	93.49873883	77.82851904	62.9260727	53.89027337	42.66671105	1.01971770341	0.805349712163	0.575723258931
1435982_at	Stx12			syntaxin 12	0.001199880012	81.88169147	101.3418317	138.1749232	84.1859749	108.0727507	115.2508036	113.7010684	82.2149014	55.0703167	69.69807956	62.96870097	74.93350346	82.15930087	58.09539878	76.47074372	63.78374936	1.03366772024	0.647634837323	0.691617276254
1449861_at	Nek4			NIMA (never in mitosis gene a)-related expressed kinase 4	0.000799920007999	106.1874163	112.0203476	111.114093	99.70873551	96.06493375	103.6310846	123.572936	87.67550925	51.18800944	67.42421899	73.87585412	56.58179342	73.72602143	45.96490966	74.83213337	55.89657573	0.957844197757	0.580541062517	0.58368714171
1422637_at	Rassf5			Ras association (RalGDS/AF-6) domain family member 5	0.000699930006999	119.2182259	102.7231117	90.44839516	100.5900642	88.03229657	114.3958575	108.4391576	107.0534886	57.50848792	72.14622482	67.37862115	52.34431672	86.73106982	46.81269766	58.96700439	55.63234447	1.01196427367	0.603849516237	0.600860182911
1455057_at	Gmps			guanine monphosphate synthetase	0.000599940005999	87.20198073	112.7812165	124.7495672	123.3222238	74.02604262	107.6347412	78.19817321	94.8373207	43.8971387	72.83313297	63.09667165	69.60379196	74.32728471	51.6754091	60.70855798	72.2928469	0.791635596183	0.556696704271	0.578063196469
1455278_at	Wdr37			WD repeat domain 37	0.000499950005	90.32603652	108.4391576	134.5749426	97.04527051	77.7231787	102.7926998	91.30962257	103.9823604	60.09528924	46.2771143	56.96607098	47.00323016	56.31432303	70.83959211	83.053957	72.04857543	0.873189135033	0.488728709539	0.65582253215
1424426_at	Mtap			methylthioadenosine phosphorylase	0.000199980002	114.1637643	93.56207807	93.81573434	90.26495057	79.9645689	78.03952004	116.5846468	72.6854151	60.87314503	55.78316939	64.08669652	63.31059284	69.08746158	69.98170941	56.9275458	64.21698381	0.886340902105	0.622893154625	0.664138248044
1435093_at	Zfyve20			"zinc finger, FYVE domain containing 20"	9.99900009999e-05	115.4851068	99.57384948	87.85369134	69.83977471	84.35712372	75.34041108	80.45320559	81.99261112	68.29698564	69.50963191	68.29698564	79.21034743	61.95397739	53.63552619	59.60911297	67.56129142	0.864228727197	0.765424806193	0.651263126481
1436534_at	Trove2			"TROVE domain family, member 2"	0.000199980002	89.65598571	94.64490903	88.93066077	84.98757308	82.15930087	95.09443429	104.8304481	96.26016559	50.15904586	72.6854151	76.26398433	58.92708517	67.56129142	52.95015492	49.98956265	49.85436776	1.05618131097	0.720328731399	0.615141289683
1436868_at	Rtn4rl1			reticulon 4 receptor-like 1	0.001299870013	121.5815916	75.34041108	79.47889997	108.1459629	93.94282024	89.77743668	73.22863506	116.8216616	45.68573941	72.83313297	75.23843838	43.86742141	58.80757111	49.05101211	37.41606668	64.0	0.971976596521	0.617934388388	0.544211040703
1452891_at	Ccdc51			coiled-coil domain containing 51	0.001899810019	99.37189692	93.43544247	84.58582442	75.28940747	85.85486605	82.15930087	90.93955252	81.16427781	35.13327109	61.2037014	72.53794655	64.60939228	74.78147385	48.65418504	50.46555099	76.62620759	0.964374270085	0.662023956763	0.710348165379
1440522_at	Gm10454			predicted gene 10454	0.002699730027	78.7292593	106.2592776	105.5424816	63.3534816	153.460016	140.6281888	127.7403059	46.1832245	34.70779962	38.00314736	66.33774193	42.6089915	35.70868249	42.63785628	38.02886563	36.24444519	1.32249854138	0.513324772231	0.431270229543
1425225_at	Fcgr4			"Fc receptor, IgG, low affinity IV"	0.000299970003	113.4703848	62.45927854	76.31559526	55.78316939	100.1823119	160.3627219	158.8501894	61.41120472	55.55704649	48.35868134	48.1300828	41.30269456	34.28745694	44.49545272	48.48978662	41.47077203	1.56091576046	0.627696951387	0.547817840746
1436447_at	A630026N12Rik			RIKEN cDNA A630026N12 gene	0.000399960004	87.08401384	82.10368103	81.1093878	77.56554299	76.05773126	76.47074372	105.3997036	83.95835529	55.93440321	55.63234447	69.13421586	56.04811701	70.12398118	50.36316343	47.25843667	45.0409078	1.04277373239	0.722098409581	0.649011117542
1441479_at	---			---	0.000699930006999	77.40817334	75.23843838	91.80545661	91.24787143	74.62980441	68.29698564	110.8136659	101.4104841	48.81914082	32.10849191	54.92141917	55.14491677	53.81737058	54.5878511	67.6986425	58.96700439	1.0579416258	0.568942516959	0.700241021008
1455711_at	Dtx4			deltex 4 homolog (Drosophila)	0.000199980002	69.13421586	98.23491648	81.32928356	64.52198866	83.39193735	109.9916351	87.55684108	66.65281953	38.7827715	35.01455871	43.95660322	21.94856935	65.40141751	60.09528924	48.06497239	44.04596633	1.10974006801	0.446019801859	0.694742878503
1422782_s_at	Tlr3			toll-like receptor 3	0.000999900009999	84.52856189	76.73000799	69.98170941	58.25290129	81.54977549	79.9645689	95.80512975	77.7231787	51.50080222	43.98635043	40.94084573	48.45699381	48.03246687	48.78609146	59.85168671	36.44123631	1.15734212519	0.638650595567	0.667067462394
1419765_at	Cul2			cullin 2	9.99900009999e-05	87.02506009	63.22494624	66.6076972	70.60027999	62.16402442	69.13421586	64.39108256	66.83352208	53.38198323	61.53601012	59.36752236	61.61941155	54.66179761	27.51653679	59.28716885	47.25843667	0.913256406051	0.820658812016	0.656527043045
1426513_at	Rbm28			RNA binding motif protein 28	0.00529947005299	69.79249489	56.31432303	76.62620759	80.89008658	64.82844216	78.7292593	61.87016602	53.34588191	59.60911297	40.88546093	47.13066067	51.6754091	39.15205152	56.08604704	51.50080222	37.16364236	0.912385974059	0.702695355824	0.648404644406
1426494_at	Rg9mtd3			RNA (guanine-9-) methyltransferase domain containing 3	0.000399960004	63.1821445	71.51410931	68.71432564	64.21698381	69.46257559	63.1821445	63.56822941	78.62275431	25.52480439	46.68612684	49.45107574	43.4242793	60.46251142	61.66111191	45.87165328	46.97141012	1.02693347599	0.61685083651	0.803230743917
1449122_at	Ubxn2b			UBX domain protein 2B	0.000599940005999	80.83532597	73.42716531	77.14661761	65.26872717	74.78147385	69.27476468	56.39060827	65.00419863	34.33392766	36.6639165	35.73287277	47.03503915	57.89909929	33.25879513	52.2735053	41.41467035	0.894745117988	0.51829202384	0.623053182957
1428052_a_at	Zmym1			"zinc finger, MYM domain containing 1"	0.000199980002	53.8538283	96.06493375	84.1859749	60.17669631	56.23814098	54.36657355	47.38655908	57.78163011	46.84441018	32.83378125	30.19035885	32.19554128	46.90786717	43.13132107	43.07297299	43.98635043	0.733219562409	0.482749081334	0.601799813526
1421183_at	Tex12			testis expressed gene 12	9.99900009999e-05	70.26654218	49.98956265	51.46597311	51.95601947	47.22644386	54.55089646	55.89657573	85.91302707	41.66774152	40.5821389	42.52254381	39.92819639	39.39129659	39.71254735	42.49378654	21.34780747	1.08900668389	0.736328780185	0.639067658413
1429177_x_at	Sox17			SRY-box containing gene 17	0.004299570043	41.89400776	67.51555407	56.04811701	40.88546093	48.09753325	36.39193859	94.70902472	99.10314937	36.8131169	35.8540205	35.44379063	30.80970578	34.61393368	23.35886062	36.58953053	23.2957036	1.34873224397	0.673250557129	0.571174930077
1426600_at	Slc2a1			"solute carrier family 2 (facilitated glucose transporter), member 1"	0.001799820018	78.83590856	66.38263537	48.39144116	56.65844099	40.63714098	41.89400776	53.63552619	52.80695321	32.96741812	40.6921894	31.56970775	36.61431753	40.99630556	40.25385367	29.30443263	36.12197824	0.755083775848	0.566765992106	0.586077006986
1418008_at	1810007M14Rik			RIKEN cDNA 1810007M14 gene	0.001299870013	44.22520729	57.27541096	63.26773312	51.39634991	52.73551594	46.97141012	48.85221258	62.71345077	31.6767408	36.5400322	36.58953053	41.13529829	40.6921894	34.12537513	31.80564635	36.8131169	0.977368590519	0.675140765147	0.663551111401
1449365_at	S1pr5			sphingosine-1-phosphate receptor 5	0.001399860014	64.08669652	52.1321697	64.30397426	53.70818265	74.32728471	64.96019238	49.18399437	36.8131169	27.62851278	30.27220797	31.42047313	39.49809039	33.66650373	30.33375091	29.28459424	27.20170166	0.961805081793	0.54996679154	0.514391940615
1455051_at	Rnf31			ring finger protein 31	0.00719928007199	63.31059284	41.58323232	43.39488212	41.75245141	45.22419758	61.78646802	46.1207478	41.69596867	19.41765396	36.93792706	41.61137338	28.25262477	35.9999251	41.72421495	32.67857118	34.14849282	1.02518519363	0.664169699028	0.760631039331
1456264_at	Commd7 /// LOC674161			COMM domain containing 7 /// similar to COMM domain-containing protein 7	0.000999900009999	37.90039555	48.06497239	41.69596867	64.17351048	39.49809039	58.48995605	56.20006913	43.2775523	34.59052487	30.2926944	24.0976407	26.83593036	32.74500622	39.63200361	37.41606668	35.30014	1.02935243969	0.603731762435	0.756344421835
1455281_at	Wdr33			WD repeat domain 33	0.000699930006999	40.09068047	64.39108256	47.61162618	48.65418504	39.82023969	45.99604786	44.46533038	51.15339187	18.50651065	25.19862311	39.68569044	39.82023969	28.7153452	29.58346224	30.72638209	20.20883149	0.903796773026	0.613761159258	0.544136194064
1449480_at	Sap18			Sin3-associated polypeptide 18	0.000699930006999	52.23811741	61.41120472	56.08604704	52.62852294	34.35716282	62.96870097	64.91626092	53.34588191	15.94593734	18.73337586	33.84932125	21.72683313	26.51094148	16.16327902	17.41272392	12.0814943	0.969527941674	0.405890842814	0.32455106823
1439755_at	Sipa1l1			signal-induced proliferation-associated 1 like 1	9.99900009999e-05	45.96490966	40.91312978	36.63912132	37.59377796	39.1785473	45.22419758	68.52853783	47.09875437	21.78575188	32.74500622	34.42701042	32.32655804	23.45393358	24.91032605	32.21735164	23.23271735	1.24156707589	0.75280007381	0.644365487811
1451419_at	Spsb4			splA/ryanodine receptor domain and SOCS box containing 4	0.003799620038	66.69792619	72.04857543	53.63552619	32.85602397	36.21990859	35.18086378	42.92743303	33.23630278	14.53859551	20.91866676	34.28745694	17.90274617	31.39920224	26.40347661	19.73567557	24.69208915	0.655149105641	0.389132585224	0.453877321181
1429313_at	Ror1			receptor tyrosine kinase-like orphan receptor 1	0.000499950005	35.63623456	51.4311319	60.62643141	42.55135003	33.53005629	45.31613769	50.73955635	35.53988234	20.73538602	22.41399643	30.6018507	31.56970775	29.22520015	31.06097045	23.04476259	16.09777064	0.867962386914	0.553606449692	0.522634637086
1440091_at	Meis2			Meis homeobox 2	0.001099890011	40.83015106	38.62556149	31.27194398	37.18881828	30.72638209	43.54200692	57.39181123	38.83530792	24.29418281	29.10673275	25.24985154	16.30614676	30.80970578	24.47574723	29.28459424	24.24489331	1.15264718402	0.641963067211	0.735651256561
1450014_at	Cldn1			claudin 1	0.000199980002	47.8054104	43.63052716	32.78936369	33.59822239	44.13548052	42.89840194	48.32597719	40.36298595	16.33928559	26.08372483	24.7590319	15.38400253	25.83770455	26.13675265	26.72714812	26.06608485	1.11341352383	0.523154235476	0.663828102134
1436939_at	Unc45b			unc-45 homolog B (C. elegans)	9.99900009999e-05	50.09115596	44.73704312	35.68453332	31.3779675	27.53515835	33.82640609	31.84873133	40.60963063	27.12815448	27.51653679	26.15444045	27.51653679	25.69817496	24.4591947	27.49790877	25.68077792	0.826606633257	0.669066651617	0.638307552033
1455621_at	Zfp870			zinc finger protein 870	0.000899910008999	22.88930892	40.85778248	25.68077792	25.73298656	54.80999128	31.87030675	27.57245839	26.01320041	13.47256834	20.24991574	22.61209879	18.63221129	22.20258883	23.70933018	15.01873086	20.14054754	1.21800029844	0.650974617956	0.703982241105
1450943_at	Magohb			mago-nashi homolog B (Drosophila)	0.001099890011	35.73287277	24.19572058	29.50347533	23.69327954	27.44211935	23.45393358	31.6767408	35.87828437	9.617253852	18.82235187	23.48570506	16.95905645	20.35986373	19.35204334	22.65806885	17.87852733	1.04707813027	0.608920708894	0.709376850659
1437375_at	---			---	0.010098990101	40.06356783	22.58150913	24.34357252	24.40957041	22.59680662	32.63436359	29.88535966	28.27174446	19.40450869	21.36225439	23.75753089	22.21762962	14.92751383	10.90763179	22.6734182	18.79688898	1.01786432891	0.778665257628	0.604187866435
1447195_at	---			---	0.004299570043	20.70733517	35.9999251	28.3867937	35.80549234	24.17934067	31.12411694	26.89046877	20.42889124	8.488143226	15.57260074	20.69333116	17.86643639	20.73538602	19.92359383	18.89894768	17.16696383	0.848827152394	0.517954892531	0.634616867488
1424217_at	Papola			poly (A) polymerase alpha	9.99900009999e-05	26.69099162	27.66593928	23.80581309	21.78575188	29.46354259	31.71965116	25.23277549	32.67857118	14.12631238	16.53959497	16.51720874	18.87338117	11.54580612	16.57320823	16.56200005	16.50603844	1.19155910635	0.660905366159	0.612185829385
1455095_at	Hist2h2be			"histone cluster 2, H2be"	9.99900009999e-05	33.28132578	29.32426412	31.89187468	23.88652365	26.11905871	20.89036798	22.14255811	25.04557798	13.44068722	20.62341012	17.84226666	15.91898007	14.97305807	15.28539575	14.5238497	16.61815139	0.795695128948	0.572926669257	0.518655063307
1448671_at	Ube2e3			"ubiquitin-conjugating enzyme E2E 3, UBC4/5 homolog (yeast)"	0.002299770023	22.99802393	20.70733517	51.6754091	21.62412723	20.76348925	15.82229532	21.2612719	23.26418916	14.831833	13.82829135	19.80258686	15.65185777	12.53551185	15.73151817	15.88668268	12.4847065	0.693229504047	0.547964841508	0.484068798932
1426471_at	Zfp52			zinc finger protein 52	0.000799920007999	22.70413236	18.73337586	23.69327954	23.64522557	24.24489331	19.64238216	31.08201221	19.47029719	12.32933429	15.39963231	18.22061816	13.59164339	17.35389981	12.06106167	18.48147504	18.28239283	1.06379619142	0.670690493035	0.745458450629
1458240_at	Magi1			"Membrane associated guanylate kinase, WW and PDZ domain containing 1"	0.000199980002	27.87270277	26.08372483	22.20258883	26.04843875	20.37365619	23.09161225	23.26418916	20.86210747	13.69786365	16.14141333	12.11424845	20.29106945	15.32165249	6.809637496	14.11674922	9.51365692	0.856997808191	0.60900249175	0.447733446111
1428660_s_at	LOC100047963 /// Tor3a			"similar to ADIR1 /// torsin family 3, member A"	9.99900009999e-05	21.6095032	18.63221129	34.56710793	21.14645611	20.77754074	19.70897714	18.2700161	24.34357252	12.53976147	9.363520131	13.21962182	7.220261055	15.68366689	16.2400481	13.80958443	16.93611423	0.866029548067	0.441280199742	0.653110642896
1416854_at	Slc34a2			"solute carrier family 34 (sodium phosphate), member 2"	0.000199980002	12.11834686	16.40578816	63.05400046	14.58295315	10.95201938	26.38562039	9.784695806	12.51432004	7.212932886	7.190992973	5.702991965	7.198298852	7.193430766	9.911352908	8.01626388	7.868420176	0.561756255381	0.257205507483	0.31074914694
1438915_at	6720401G13Rik			RIKEN cDNA 6720401G13 gene	0.000299970003	16.32823561	27.77852324	17.59043189	14.47477482	11.69129633	19.91011985	13.51367351	11.3367091	8.508276981	10.11468159	10.43105374	9.897944824	9.395265948	9.398444489	9.623768908	7.094298331	0.741109913273	0.511368675452	0.466205347531
1428387_at	Acsl3			acyl-CoA synthetase long-chain family member 3	0.00199980002	7.715469767	12.45516303	7.962182833	8.857950898	10.9891508	7.970272223	9.901293428	8.337240774	7.629777576	7.609143129	7.39586556	7.655640054	7.762616418	7.629777576	7.653050927	4.962389578	1.00560114635	0.818864521125	0.757157451111
