Probe Set ID	Gene Symbol	UniGene ID	Rep. Pub. ID	Gene Title	Pvalue	V_778	V_781	V_782	V_783	C_776_3umol	C_777_3umol	C_779_3umol	C_780_3umol	C_767_10umol	C_768_10umol	C_769_10umol	C_770_10umol	C_634_30umol	C_635_30umol	C_636_30umol	C_637_30umol	C3(fold-change)	C10(fold-change)	C30(fold-change)
1439443_x_at	Tkt			transketolase	0.004399560044	11004.30186	12565.5831	12531.5739	14642.65961	11967.88005	10783.06731	14387.2177	14387.2177	16406.16019	16902.15993	14155.35195	13908.41115	23903.2638	20154.71832	21075.51113	17794.45343	1.01539615454	1.20944229736	1.63423760586
1456642_x_at	S100a10			S100 calcium binding protein A10 (calpactin)	0.003799620038	10256.28047	9141.403708	9861.422134	10452.49694	13463.81838	12840.73354	12998.16188	8543.1358	11553.88164	11398.52873	12163.83052	10132.06067	15774.53656	16185.5638	16428.46423	13500.26401	1.20483298789	1.13942268392	1.55845706373
1420622_a_at	Hspa8			heat shock protein 8	0.017698230177	4639.295416	10623.70963	13210.98119	10256.28047	9888.116325	10783.06731	8837.239083	7491.765359	8612.820207	8016.462333	9443.330188	10915.26851	15478.41365	17389.63463	14622.88142	14136.23198	0.955330061573	0.955012303911	1.59118867287
1419435_at	Aox1			aldehyde oxidase 1	0.004699530047	4202.726913	3981.178936	5311.854816	3616.32845	4101.540048	3827.90683	4347.408656	5268.877783	4857.808826	4950.779569	5562.084704	4388.79753	7125.768999	6394.341144	7491.765359	6750.132003	1.02534139456	1.15470825895	1.62236225621
1436297_a_at	Grina			"glutamate receptor, ionotropic, N-methyl D-aspartate-associated protein 1 (glutamate binding)"	0.004599540046	3430.34984	3094.94917	3705.544923	3271.598518	3397.999677	4231.284569	3833.110837	3115.979443	3853.917572	3812.39001	3320.69614	4123.832443	4884.211639	5562.084704	5276.004208	4904.090883	1.07968425556	1.11911872388	1.52760446925
1424245_at	Ces2 /// Gm9756			carboxylesterase 2 /// predicted gene 9756	0.00589941005899	2876.761693	2880.672627	3869.603413	2254.622215	2475.389784	1798.402212	3347.759095	1926.958786	4300.563523	3103.348495	3069.908626	2248.535584	5769.137767	8092.781899	6114.971248	5162.950318	0.803634333821	1.07075579369	2.11585261167
1437380_x_at	Pgd			phosphogluconate dehydrogenase	0.011798820118	1566.446737	1685.25361	1502.063407	1969.153689	1878.02428	1388.63334	2185.503541	1729.16521	2048.0	1906.195005	1916.555419	1583.509712	4084.914028	3467.715919	3665.616138	2478.737875	1.06818601179	1.10878353025	2.03735715575
1436503_at	BC048546			cDNA sequence BC048546	0.014798520148	884.7113369	999.3484567	1174.04338	918.8910464	1257.968429	1145.776549	1088.322187	868.1009435	932.6771742	926.3855887	842.6268048	1015.715748	2130.003373	1224.358216	1837.782093	1712.858192	1.09634761011	0.934727361937	1.7362363363
1421813_a_at	Psap			prosaposin	0.011698830117	893.1347219	732.9535693	662.186597	595.0210924	822.3415986	925.1323737	847.2024787	634.971047	972.6527329	732.9535693	742.9436599	717.2478857	1118.190285	1198.122744	1186.823761	1162.963417	1.12012346971	1.09797879548	1.61832161471
1419209_at	Cxcl1			chemokine (C-X-C motif) ligand 1	0.00689931006899	360.0835792	166.7838747	351.4147654	236.9882958	1134.97122	1736.20309	671.2121403	194.8803744	238.2750362	178.5852354	165.099049	1019.849816	1164.544456	2341.731577	1747.988527	2050.770024	3.35099581142	1.43625166712	6.55001139642
1438627_x_at	Pgd			phosphogluconate dehydrogenase	0.019298070193	609.6988438	727.0239093	613.8400639	747.9899106	712.4095273	531.7808445	768.51947	716.2775923	751.033786	691.5041024	747.9899106	613.0096607	1327.963704	1169.284272	1194.888264	811.283873	1.01127815891	1.03890408775	1.6688279117
1423152_at	Vapb			"vesicle-associated membrane protein, associated protein B and C"	0.00759924007599	618.0089838	508.5458353	586.2259411	573.6643281	614.671592	406.1914325	625.5853857	534.6681766	673.0318644	563.6563351	587.0200622	724.0773439	947.9531833	941.5578973	1018.470163	1207.895558	0.953933509255	1.11429993164	1.80012055512
1421816_at	LOC630729			"similar to Glutathione reductase, mitochondrial precursor (GR) (GRase)"	0.000899910008999	534.6681766	512.0	557.5846365	498.9982688	599.8741278	597.4424754	610.5247621	512.6935722	613.8400639	603.9481974	713.3745808	533.2225562	1115.171592	833.55004	968.710655	834.6791945	1.10330856714	1.17170290295	1.78395794672
1452418_at	1200016E24Rik			RIKEN cDNA 1200016E24 gene	0.013798620138	449.6005531	420.1742674	396.9498663	373.9949553	453.2675279	401.8159437	357.6543058	430.5389646	468.870922	391.6119557	508.5458353	432.8768986	739.9325732	651.5156392	798.2102529	469.5060701	1.00155852337	1.09824101898	1.62073060331
1417420_at	Ccnd1			cyclin D1	0.012598740126	401.2723669	326.6412085	499.6742283	377.5560434	259.8407695	429.3748858	351.4147654	290.3483449	402.3602569	516.8751383	240.381157	357.1704708	583.059781	569.0233323	742.9436599	581.4833208	0.829195942784	0.944953952719	1.54285866558
1426060_at	---			---	0.015398460154	372.4791859	234.594113	244.1528824	369.9662866	323.9986519	286.4439388	333.3419322	357.1704708	336.9717878	244.9804817	403.4510963	486.3263665	477.1959538	619.6848983	592.6095231	575.2195902	1.06531527822	1.20515788542	1.85450698799
1426061_x_at	---			---	0.02099790021	321.3774738	226.4803384	239.4067469	285.6694599	297.9135638	254.1009572	284.8970751	273.1879426	278.4151678	235.7083407	345.2843176	396.9498663	390.5531266	494.9613281	429.9565312	467.6032024	1.03463914746	1.17095522199	1.66186751163
1443206_at	---			---	0.003699630037	228.4822054	113.8550916	233.0116052	213.3835277	208.6697986	278.4151678	270.2451657	245.9775775	224.3441882	122.1590553	233.6433232	145.0758931	336.0606933	328.4147241	373.9949553	309.0044919	1.27205078879	0.919478434394	1.70840555494
1423706_a_at	Pgd			phosphogluconate dehydrogenase	0.015698430157	143.416082	179.0693981	143.6103582	177.6207106	181.5100977	176.1838653	244.9804817	176.3030961	176.6615176	187.7584465	217.6136133	165.8830881	434.6384509	349.9905115	373.9949553	221.9275555	1.21012508088	1.16187267017	2.14465742035
1417819_at	Tor1b			"torsin family 1, member B"	0.002799720028	125.1724279	182.8666272	168.2579661	147.1528833	195.8059778	167.8030351	183.4866131	217.4662942	151.8069467	208.8111587	208.5286788	215.4153132	252.0452578	225.1047984	238.4364519	223.1326775	1.22634058435	1.2584204308	1.50568502589
1434292_at	Snhg11			small nucleolar RNA host gene 11 (non-protein coding)	0.00769923007699	157.3520321	109.9171734	55.66999313	88.81035532	78.9427023	151.2940038	155.7623775	101.0678266	152.7345881	114.4732738	114.0864782	185.4846513	291.5298905	238.2750362	304.8494219	198.8782918	1.18292031048	1.37651391717	2.51010020651
1417419_at	Ccnd1			cyclin D1	0.00599940005999	116.7426571	95.1588545	113.2401692	97.70442515	103.7012159	200.5003577	137.0570757	98.90215148	178.4643376	186.239593	97.63828165	121.0068577	258.4375691	212.3748326	265.8904223	214.9782656	1.27744064136	1.37957772755	2.25065591526
1425829_a_at	Steap4			STEAP family member 4	0.00939906009399	80.34436845	146.2591426	107.6347412	84.24294696	159.0654834	123.4057665	112.3240461	50.05728017	74.98426597	48.58836563	75.85208856	133.5765548	295.1036593	393.2058566	259.1382196	207.6833861	1.0630168739	0.795737719134	2.76029394816
1437594_x_at	Pigt			"phosphatidylinositol glycan anchor biosynthesis, class T"	0.00859914008599	71.41736498	55.18227382	101.2047364	92.74232567	111.4154118	74.27701844	88.69021262	79.64047938	138.0813821	105.3283506	61.53601012	184.3581007	143.3189928	184.9831433	316.6271153	206.4220103	1.10443539515	1.52646663401	2.65593518632
1427567_a_at	Tpm3			"tropomyosin 3, gamma"	0.013898610139	112.4001383	111.7174702	71.80517909	72.34182054	101.6165797	112.476282	100.1145603	99.6413042	97.90298892	100.6581376	111.1893655	99.37189692	142.5449382	137.6148167	122.324536	151.3964955	1.12378088218	1.11094680267	1.50402936957
1435352_at	Pigk			"phosphatidylinositol glycan anchor biosynthesis, class K"	0.003599640036	86.73106982	71.95110807	75.85208856	104.193755	74.07619039	66.20315192	86.8485586	66.51759027	87.02506009	86.8485586	85.62273415	94.13380458	131.958914	103.7714667	124.3280488	151.7041771	0.866906404504	1.04399439971	1.51083634714
1440755_at	---			---	0.026797320268	88.81035532	78.99618078	78.09233255	77.56554299	78.09233255	77.04225362	90.26495057	68.11232623	67.10549488	115.719806	71.95110807	90.75504887	102.8622638	135.5806987	137.6148167	137.0570757	0.969231395134	1.06822093988	1.58631007442
1440866_at	Eif2ak2			eukaryotic translation initiation factor 2-alpha kinase 2	0.032296770323	77.56554299	66.38263537	61.99594713	86.96620653	102.5841478	52.87848726	83.27912469	57.97753133	66.51759027	90.75504887	52.55732705	89.95995286	137.9879044	121.7462901	97.96931175	112.6286461	1.01300383989	1.02348700704	1.6057205941
1451530_at	Egfr			epidermal growth factor receptor	0.01199880012	122.4902409	64.74074221	42.46501928	36.26897327	49.21731329	92.99382396	59.44794358	38.73030614	66.06883497	103.7714667	75.4424697	74.32728471	129.6568843	148.0520852	119.5414386	136.4091869	0.903838508711	1.20169979256	2.00650327614
1424626_at	2010003K11Rik			RIKEN cDNA 2010003K11 gene	0.024297570243	60.46251142	60.87314503	47.22644386	70.69591747	49.71957296	86.4380128	60.46251142	61.2037014	31.08201221	69.98170941	71.51410931	70.79168451	71.70804101	118.4941479	97.90298892	95.4168398	1.0775973193	1.01718436731	1.60296411877
1423294_at	Mest			mesoderm specific transcript	0.019298070193	47.64387992	51.04960878	51.71041579	56.23814098	51.22268595	46.02717525	53.23765057	56.12404165	61.0382206	48.35868134	48.26056833	46.1207478	68.71432564	87.26105433	79.58656472	100.9994061	0.999852440243	0.98614111957	1.62871670199
1419627_s_at	Clec4n			"C-type lectin domain family 4, member n"	0.00679932006799	34.84903978	30.47782403	36.36730213	32.17376799	57.15920715	57.27541096	56.16202306	16.61815139	49.65231229	30.5191103	35.2046721	34.73128779	64.08669652	85.10270006	89.89905217	62.67103873	1.39850363761	1.12130947325	2.25415809911
1448354_at	G6pdx			glucose-6-phosphate dehydrogenase X-linked	0.00809919008099	39.49809039	39.92819639	39.92819639	39.76637085	31.65529642	35.41979605	39.47135115	39.98228445	41.69596867	39.76637085	37.54292107	36.8131169	57.66439925	74.32728471	53.12963881	42.52254381	0.92086438935	0.979245482622	1.43063502256
1432380_s_at	Gm7779 /// Gsdmcl-ps /// Gsdmcl1 /// Gsdmcl2			"predicted gene 7779 /// gasdermin C-like, pseudogene /// gasdermin C-like 1 /// gasdermin C-like 2"	0.012098790121	23.32726074	19.62909835	23.43805584	21.00379333	35.18086378	34.17162618	18.08545514	23.40634883	23.15421595	25.59400472	18.87338117	29.64358442	44.49545272	50.94603626	49.11745824	60.62643141	1.26826734937	1.11289679956	2.34770692346
1458408_at	Samd8			sterile alpha motif domain containing 8	0.003199680032	11.60849469	11.59672074	12.85778298	11.62028864	11.6478518	9.344522857	15.68366689	12.38789367	20.35986373	14.16461025	12.6035828	12.80134063	31.71965116	20.45656489	41.19102153	17.89063885	1.02895455101	1.25682185767	2.33326776137
1439985_at	Abcc12 /// LOC100045772			"ATP-binding cassette, sub-family C (CFTR/MRP), member 12 /// similar to ATP-binding cassette protein C12"	0.010198980102	8.043441997	8.1282738	8.131029337	8.142043899	8.915093941	8.131029337	7.97296867	8.155831672	8.202894081	8.175177189	5.833792207	8.183482976	14.5287633	40.49983148	73.47690738	39.47135115	1.02250390922	0.936832920137	5.17731377878
1416745_x_at	LOC640502 /// Uap1			similar to UDP-N-acetylhexosamine pyrophosphorylase /// UDP-N-acetylglucosamine pyrophosphorylase 1	0.019298070193	10.89656114	11.57710797	18.45647329	12.21305314	11.20699821	12.70636974	12.90137564	12.00811672	12.63347832	14.8368508	10.5839702	12.37532922	19.43079468	29.663666	18.80960959	19.02731384	0.918703886996	0.94893858052	1.63579519874
1423410_at	Meig1			meiosis expressed gene 1	0.00719928007199	10.02606787	9.955059923	10.03624716	10.01928047	9.961796915	10.01589196	9.864500498	10.04644375	10.3326686	10.04984956	9.64985992	10.0566507	16.37250311	19.72232867	15.2957506	21.81526358	0.996302830533	1.00130813517	1.82847056495
1432438_at	4930597L12Rik			RIKEN cDNA 4930597L12 gene	0.029897010299	8.756601147	8.542906544	8.836989684	8.842970033	8.82204427	8.833994903	7.975666029	8.813090378	8.936240417	10.5875509	8.222351229	5.360483004	9.791324293	13.88456429	16.60690131	13.18833926	0.984714695002	0.946458822939	1.52864331893
1450156_a_at	Hmmr			hyaluronan mediated motility receptor (RHAMM)	0.013398660134	7.951411588	7.905792008	7.946028677	7.956798145	7.560370834	7.981069018	6.150079245	7.929912791	8.468057115	7.560370834	7.897768062	7.964876544	9.290910589	23.61322193	9.104141622	12.00404727	0.932663838735	1.00412600792	1.70063821414
