Probe Set	Gene Symbol	UniGene ID	Rep. Pub. ID	Gene Title	Pvalue	CON 1	CON 2	CON 3	CON 4	D3T 1	D3T 2	D3T 3	D3T 4	C10 1	C10 2	C10 3	C10 4	D3T(fold-change)	C10(fold-change)
1433443_a_at	Hmgcs1			3-hydroxy-3-methylglutaryl-Coenzyme A synthase 1	0.002399760024	32239.90785	21889.78251	19776.23265	28081.64832	43190.90722	42957.72586	38339.92781	47355.68468	28195.94352	31336.36028	30540.58338	34779.26925	1.68495281659	1.22418991649
1433445_x_at	Hmgcs1			3-hydroxy-3-methylglutaryl-Coenzyme A synthase 1	0.000799920007999	24826.78796	20401.81665	19616.36353	27000.52801	41247.81278	42667.79689	35253.2831	44496.67763	29444.28459	29684.45489	28619.08645	35396.76759	1.78196620695	1.34077988232
1451122_at	Idi1			isopentenyl-diphosphate delta isomerase	0.000599940005999	16720.14803	12582.57869	12875.49252	14059.91254	28310.70391	24759.59336	22158.15285	34218.7633	18481.95819	18531.98758	18989.18017	22399.36169	1.94613885554	1.39411614768
1451457_at	Sc5d			"sterol-C5-desaturase (fungal ERG3, delta-5-desaturase) homolog (S. cerevisae)"	0.00609939006099	15903.20585	14983.53072	12396.62691	16517.64055	22399.36169	23774.2136	23935.76009	25131.1662	17698.3838	15353.18126	15332.44335	15989.53097	1.59262378826	1.07646251805
1422478_a_at	Acss2			acyl-CoA synthetase short-chain family member 2	0.000599940005999	12180.36715	10768.50237	7635.145845	12363.07499	22735.514	19040.71455	14862.40533	17531.4779	14543.93463	15562.43294	13946.15693	13264.75124	1.72701133341	1.3346020712
1419499_at	Gpam			"glycerol-3-phosphate acyltransferase, mitochondrial"	0.010098990101	9228.497083	12497.74336	10242.42707	16229.4895	18963.53103	19589.73145	24229.04633	19326.32892	10753.95709	8671.284475	10298.02459	10438.3785	1.70356384598	0.833261002992
1439459_x_at	Acly			ATP citrate lyase	0.00919908009199	8225.342283	8933.439346	7164.448805	14348.27817	22643.35322	19829.903	20990.07935	20512.56095	13068.71797	9995.825495	9042.963969	7887.268278	2.17151850423	1.03421814033
1423257_at	Cyp4a14			"cytochrome P450, family 4, subfamily a, polypeptide 14"	0.000599940005999	8258.820273	1847.757866	2092.84536	7686.973609	17507.67636	15583.48192	21683.34933	18258.11239	11632.39061	14445.77515	10783.06731	7994.765487	3.67249128152	2.25561213092
1433446_at	Hmgcs1			3-hydroxy-3-methylglutaryl-Coenzyme A synthase 1	0.000499950005	7930.13659	5183.964057	4930.711067	7242.489638	15024.19424	17891.04455	12565.5831	20990.07935	10466.70702	10382.02323	9874.760209	13965.01981	2.62862771771	1.76723129317
1438322_x_at	Fdft1			farnesyl diphosphate farnesyl transferase 1	0.004399560044	9253.477989	7164.448805	6024.559317	7749.674497	15710.59282	16011.26861	13647.31954	22308.56354	7271.967316	7865.975623	7876.614755	11154.28177	2.2415667891	1.13171229802
1422070_at	Adh4			"alcohol dehydrogenase 4 (class II), pi polypeptide"	0.012898710129	9650.112193	8945.522277	8485.47673	9316.355651	13282.78456	15044.51523	12246.48412	15903.20585	8706.577496	8092.781899	9650.112193	10841.67466	1.55167363683	1.0245533405
1418069_at	Apoc2			apolipoprotein C-II	0.010698930107	8765.738952	8885.20902	7908.673388	7411.089846	17460.41223	15967.93353	10566.35379	10036.50953	8520.013494	8496.953769	8169.828056	6731.909189	1.63876383322	0.968092690163
1423418_at	Fdps			farnesyl diphosphate synthetase	0.001199880012	7983.966766	7232.6569	6420.366771	6731.909189	13591.99871	13500.26401	10753.95709	16384.0	9303.707338	7802.333768	8439.664888	10768.50237	1.91160815276	1.28007109344
1451666_at	Acly			ATP citrate lyase	0.012798720128	6123.242058	6291.289346	4766.617022	9468.892632	16119.95393	15838.74054	15689.37215	13721.39936	9240.979095	5847.766538	6173.187945	5100.454162	2.30279067287	0.989206271113
1422479_at	Acss2			acyl-CoA synthetase short-chain family member 2	0.000299970003	5776.940819	6148.164283	3917.045035	6148.164283	14642.65961	14426.2629	11275.78301	13482.02888	8337.447174	9116.72536	8236.467477	7908.673388	2.44774737514	1.52791418791
1451895_a_at	Dhcr24			24-dehydrocholesterol reductase	0.00659934006599	6016.421801	6274.261743	6437.746262	6114.971248	10638.07874	12065.41568	10022.95298	12823.30037	5333.474612	6342.605956	7532.484063	7739.206826	1.83347471914	1.08470540722
1423680_at	Fads1			fatty acid desaturase 1	0.002599740026	5816.195306	6569.828521	5847.766538	6777.605736	10900.525	11184.55317	9141.403708	7593.924815	5384.251183	5792.618751	6106.669281	5831.97977	1.5521087482	0.92419946858
1436168_at	C730029A08Rik			RIKEN cDNA C730029A08 gene	0.000499950005	8281.233732	7222.887577	6411.650185	6499.080939	9265.993789	9042.963969	8753.838181	7624.780019	2728.817128	4371.007081	3477.102787	3833.110837	1.2207550977	0.507130482799
1435630_s_at	Acat2			acetyl-Coenzyme A acetyltransferase 2	0.000699930006999	4670.787192	3997.382744	3284.914261	4029.988482	9982.323894	10050.08442	7242.489638	11230.07545	4734.446316	4851.247267	4318.067259	5031.873715	2.40910957332	1.18473055446
1423828_at	Fasn			fatty acid synthase	0.012398760124	1798.402212	3650.757181	2811.316174	7222.887577	8825.24124	11632.39061	12229.9425	8566.26148	4430.58044	3895.87048	3444.311717	2509.127383	2.6643976148	0.922273144871
1417828_at	Aqp8			aquaporin 8	0.012898710129	3932.987812	5038.67958	2502.336339	5895.465434	9848.102075	8005.634305	7855.296412	6516.673504	4101.540048	3981.178936	5025.042212	2857.365747	1.85530749327	0.919148811708
1420641_a_at	Sqrdl			sulfide quinone reductase-like (yeast)	0.000299970003	4595.544204	4365.103057	3781.571024	4773.064114	6215.091863	7291.652031	6499.080939	6455.217542	5072.882397	5413.477754	5038.67958	4825.056096	1.51074026511	1.16184800013
1436504_x_at	Apoa4			apolipoprotein A-IV	0.00529947005299	1607.262661	2118.503798	1605.091693	2389.776527	12081.81851	10710.3648	5599.840422	9316.355651	1855.278431	1827.860177	3205.825093	2912.031003	4.88410356801	1.2694545347
1448130_at	Fdft1			farnesyl diphosphate farnesyl transferase 1	0.000499950005	2834.247438	2393.008822	1808.164225	2319.647708	6963.659759	7222.887577	4197.050189	7855.296412	2448.716432	2900.226782	3171.302978	3943.634139	2.80477847897	1.33231314554
1436297_a_at	Grina			"glutamate receptor, ionotropic, N-methyl D-aspartate-associated protein 1 (glutamate binding)"	0.003699630037	3430.34984	3094.94917	3705.544923	3271.598518	4521.481984	4696.173518	4029.988482	4614.248542	3853.917572	3812.39001	3320.69614	4123.832443	1.32286381452	1.11911872388
1417667_a_at	Pter			phosphotriesterase related	0.002899710029	3411.829885	3115.979443	2884.568883	3463.007988	6481.490941	5355.182402	4799.006328	5355.182402	2935.783775	2595.505807	3307.235352	2766.00874	1.70797688963	0.901295968497
1416222_at	Nsdhl			NAD(P) dependent steroid dehydrogenase-like	0.000299970003	2766.00874	2478.737875	2206.31031	2638.002104	5004.672679	5355.182402	4964.180988	6148.164283	3347.759095	3606.565725	3833.110837	3874.837248	2.1282659057	1.45328448003
1418438_at	Fabp2			"fatty acid binding protein 2, intestinal"	0.018598140186	3236.368118	2955.732514	2865.120299	3271.598518	9166.212394	6552.047043	4570.701854	3370.507219	1867.885103	2059.116869	3421.065474	2236.380569	1.91903763437	0.777401928437
1459141_at	1810008I18Rik			RIKEN cDNA 1810008I18 gene	0.000299970003	2574.506148	2904.169616	1396.18074	2747.359522	4651.853669	4677.137089	5155.976597	4760.178638	3864.376647	3534.057995	2963.733478	3094.94917	2.00007419715	1.39854657738
1443849_x_at	Urod			uroporphyrinogen decarboxylase	0.013098690131	2666.737306	3020.454628	2971.7767	3074.082142	4658.177825	4950.779569	4589.305081	3970.431252	2912.031003	2880.672627	3205.825093	3040.95763	1.54850550585	1.02611729744
1418760_at	Rdh11			retinol dehydrogenase 11	0.000299970003	2912.031003	2215.29022	1680.69241	2522.747325	5066.030333	3833.110837	3943.634139	4460.686368	3276.023521	3444.311717	3529.284459	3316.18781	1.85445343149	1.45388008203
1438617_at	Serpina7			"serine (or cysteine) peptidase inhibitor, clade A (alpha-1 antiproteinase, antitrypsin), member 7"	0.019498050195	1426.753117	1579.223885	1115.171592	4702.525332	5737.99104	5784.794523	7645.472768	3864.376647	1757.489068	2070.308433	1726.829585	2203.330194	2.61032254491	0.879220758276
1417404_at	Elovl6			"ELOVL family member 6, elongation of long chain fatty acids (yeast)"	0.013298670133	995.2974934	2048.0	1456.015502	2266.860662	6731.909189	7145.057965	5630.237245	4057.372375	2351.262666	1893.342896	1945.304117	1324.369522	3.48270351415	1.11056552514
1419031_at	Fads2			fatty acid desaturase 2	0.00729927007299	2194.398765	2364.025693	2130.003373	2492.192858	5887.502288	5753.523387	3756.048561	3024.539947	2239.42091	2209.309771	2386.532057	2900.226782	2.00657611365	1.0604391413
1438169_a_at	Frmd4b			FERM domain containing 4B	0.004699530047	2983.872137	1890.785512	2036.943149	2796.138292	4123.832443	4231.284569	4539.884881	5247.519837	1901.048996	2478.737875	2036.943149	1847.757866	1.86887199602	0.851329831733
1428851_at	1300014I06Rik			RIKEN cDNA 1300014I06 gene	0.000299970003	2739.923694	2620.215943	2584.984653	3425.716384	4306.410104	4490.965737	4478.84182	3991.983383	1724.485162	1898.481204	1990.589468	1837.782093	1.51863890622	0.655302289481
1418129_at	Dhcr24			24-dehydrocholesterol reductase	0.000499950005	1774.220988	1676.155173	1502.063407	1613.804385	3895.87048	5347.949029	2987.907976	3975.801462	1950.583442	2912.031003	3477.102787	2792.361481	2.46831050796	1.69534954727
1425927_a_at	Atf5			activating transcription factor 5	0.000299970003	2584.984653	2536.441199	2300.879955	2706.738877	4677.137089	3756.048561	3053.334641	3986.591315	2059.116869	2006.826251	2291.553098	1852.772462	1.5275983164	0.810566932632
1434520_at	Sc5d			"sterol-C5-desaturase (fungal ERG3, delta-5-desaturase) homolog (S. cerevisae)"	0.000299970003	2442.105819	2681.21278	1786.264491	3218.873131	4353.288748	4478.84182	4490.965737	4174.361997	1229.34148	1605.091693	1522.545893	1477.866257	1.72755432024	0.576084370183
1422533_at	Cyp51			"cytochrome P450, family 51"	0.000599940005999	2161.968818	1685.25361	1491.936068	1867.885103	4163.092792	3655.720355	2512.521106	4844.694571	2316.498447	2348.086759	2445.408892	3467.715919	2.10572180056	1.46769058237
1417761_at	Apoa4			apolipoprotein A-IV	0.00529947005299	701.8787425	1025.385012	702.8295307	1063.563163	8706.577496	6578.714549	3249.54047	5428.16929	949.237312	913.9288217	1857.800666	1605.091693	6.85900349971	1.52449405706
1456424_s_at	Pltp			phospholipid transfer protein	0.010098990101	1175.631333	1473.866359	904.0839925	2092.84536	7183.892269	5079.778939	4570.701854	2959.730293	1178.821857	1924.355996	1333.368653	1481.866739	3.50559800012	1.0481696121
1437457_a_at	Mtpn			myotrophin	0.001299870013	1322.580665	1502.063407	1247.790487	2006.826251	4388.79753	4306.410104	3529.284459	2857.365747	1895.903738	2338.568544	2788.570442	2245.482868	2.48087034121	1.52461390976
1454161_s_at	0610007P14Rik			RIKEN cDNA 0610007P14 gene	0.001599840016	2141.56537	1689.827188	1422.891559	1860.313436	3616.32845	3132.893474	2677.591201	4051.891985	1966.493906	2307.124271	2519.33979	2796.138292	1.89451406205	1.34780585797
1448619_at	Dhcr7			7-dehydrocholesterol reductase	0.001199880012	2224.306679	1638.011761	1448.154688	1903.620262	3587.069543	3307.235352	2773.51536	4008.231166	2014.994241	2173.704328	2338.568544	2588.480976	1.89574083418	1.26360272819
1436771_x_at	Pgd			phosphogluconate dehydrogenase	0.000499950005	1602.912546	1729.16521	1562.217921	1971.817069	3869.603413	3616.32845	3154.181579	2811.316174	2053.558029	2061.916222	2061.916222	1743.269616	1.95910409771	1.15358724536
1437380_x_at	Pgd			phosphogluconate dehydrogenase	0.004499550045	1566.446737	1685.25361	1502.063407	1969.153689	3524.49294	3477.102787	2987.907976	2781.042352	2048.0	1906.195005	1916.555419	1583.509712	1.8995541985	1.10878353025
1427893_a_at	Pmvk			phosphomevalonate kinase	0.00669933006699	1607.262661	1547.474585	1178.821857	1626.967819	3258.336752	2923.883269	2659.519685	3895.87048	1434.49776	1689.827188	1568.565436	1817.991829	2.13699398605	1.09233332861
1422577_at	Cs			citrate synthase	0.010798920108	1438.380847	1783.851741	1618.184059	1694.401434	2777.266681	2935.783775	2788.570442	2061.916222	1508.17696	1442.284442	1764.642229	1600.747454	1.61650056498	0.966492258348
1415993_at	Sqle			squalene epoxidase	0.011098890111	1518.425068	1407.559311	1246.096429	1434.49776	3045.091787	2495.580973	2310.244774	3510.20604	1273.382388	1386.75768	1386.75768	2191.434738	2.02639157486	1.11268082848
1427229_at	Hmgcr			3-hydroxy-3-methylglutaryl-Coenzyme A reductase	0.000599940005999	811.283873	956.9793607	684.9818732	894.3452117	3316.18781	3735.770207	1729.16521	4329.785982	1349.715851	1331.56764	1025.385012	2475.389784	3.91652142622	1.84671889289
1457248_x_at	Hsd17b7			hydroxysteroid (17-beta) dehydrogenase 7	0.00499950005	1570.697888	1322.580665	1224.358216	1415.209576	2419.058596	2564.070119	2254.622215	3184.210508	1231.012759	1615.987138	1475.859838	2150.281762	1.88365278704	1.16994781589
1417403_at	Elovl6			"ELOVL family member 6, elongation of long chain fatty acids (yeast)"	0.00509949005099	673.0318644	1067.891975	851.8024091	1346.062796	3685.539231	3922.343038	3103.348495	2263.798759	1422.891559	1110.651128	1155.122387	830.1717334	3.29416716062	1.14726550631
1425603_at	Tmem176a			transmembrane protein 176A	0.00689931006899	1257.968429	1450.113391	1491.936068	1545.384374	1743.269616	2036.943149	1817.991829	1803.282863	1097.199382	1241.045247	1326.169992	1682.977297	1.28824529937	0.930725417325
1449202_at	Sema4g			"sema domain, immunoglobulin domain (Ig), transmembrane domain (TM) and short cytoplasmic domain, (semaphorin) 4G"	0.024597540246	1495.985006	1457.994943	1407.559311	1596.426039	1764.642229	1966.493906	1788.692903	1520.478815	949.237312	1326.169992	1551.674247	1246.096429	1.18166311814	0.851495053328
1420013_s_at	Lss			lanosterol synthase	0.000299970003	732.9535693	750.017787	538.2997705	746.9780294	2670.344204	2335.393596	1551.674247	3444.311717	931.415448	940.2841572	826.8065456	1091.275764	3.61301429158	1.36901763568
1423166_at	Cd36			CD36 antigen	0.00569943005699	1118.190285	778.9943207	728.9954501	1066.442156	1680.69241	2777.266681	1855.278431	1786.264491	1056.384996	1088.322187	1481.866739	1024.0	2.19342828712	1.25942315657
1416411_at	Gstm2			"glutathione S-transferase, mu 2"	0.000699930006999	662.186597	503.0677863	641.0170853	512.0	2811.316174	3145.644673	1438.380847	1880.564404	1030.958111	989.9226562	1667.105858	833.55004	4.00121652	1.9503913698
1423748_at	Pdk1			"pyruvate dehydrogenase kinase, isoenzyme 1"	0.001199880012	981.9140934	1085.376604	741.9386053	1194.888264	1481.866739	1950.583442	1658.093905	1629.168376	1288.994149	1498.008402	1180.416273	1292.492327	1.67820058978	1.31362555254
1448864_at	Snrk			SNF related kinase	0.00869913008699	951.8107905	1134.97122	1053.533154	1254.563692	1510.227314	1664.842518	1825.37859	1605.091693	1167.696798	1097.199382	1188.429	1174.04338	1.50300846296	1.05290013925
1452123_s_at	Frmd4b			FERM domain containing 4B	0.00619938006199	1022.614732	694.318114	780.0495722	1148.886051	1722.155858	1837.782093	1958.522518	2098.525095	991.2636383	1177.221434	1050.681728	976.6115297	2.08921019185	1.15083096536
1428859_at	Gm10307 /// Paox			predicted gene 10307 /// polyamine oxidase (exo-N4-amino)	0.00539946005399	1076.602526	1118.190285	890.71989	1138.043509	1687.533001	1731.503994	1485.88835	1557.989721	973.9703205	889.5149237	1098.6834	1035.154216	1.53020694994	0.946435340611
1416750_at	Sigmar1			sigma non-opioid intracellular receptor 1	0.000699930006999	1172.449444	1133.430331	894.3452117	1070.782685	2218.286513	2185.503541	1589.954759	1392.401927	531.061083	731.9620293	955.6847584	556.8303357	1.72936864266	0.649855589066
1452771_s_at	Acsl3			acyl-CoA synthetase long-chain family member 3	0.00889911008899	713.3745808	712.4095273	681.28234	1158.249224	1710.532737	2067.497687	1771.824505	2236.380569	858.7497716	789.6119426	706.6460705	806.9021927	2.38452764752	0.968332098613
1425326_at	Acly			ATP citrate lyase	0.004199580042	552.3255285	618.0089838	495.6318191	954.3919075	2118.503798	2273.012653	2153.205052	1594.258657	1138.043509	766.441038	788.5437551	602.3152597	3.10605627856	1.25759276456
1456377_x_at	Limd2			LIM domain containing 2	0.021397860214	1379.270779	569.0233323	603.9481974	865.7537973	1598.585286	2084.361793	1202.999227	1596.426039	765.4041961	1142.675464	1021.231338	1106.148987	1.89654175838	1.18065084335
1451371_at	Mrap			melanocortin 2 receptor accessory protein	0.000299970003	902.8603214	1032.352534	1060.684591	976.6115297	1835.299757	1825.37859	1295.991014	1317.219446	704.7354613	693.37884	722.1196045	765.4041961	1.57932652758	0.726401908532
1418521_a_at	Mtx1			metaxin 1	0.00809919008099	939.0121402	869.2769018	863.4123987	984.576162	1308.338377	1481.866739	1498.008402	1252.869122	847.2024787	996.6464472	1079.516815	950.5231804	1.51549834069	1.05951717628
1450883_a_at	Cd36			CD36 antigen	0.001199880012	759.2120077	546.3758851	498.9982688	674.8569897	1186.823761	2056.335571	1673.879548	1434.49776	833.55004	745.9675171	1239.368937	789.6119426	2.56167867235	1.45536647404
1426265_x_at	Dlat			dihydrolipoamide S-acetyltransferase (E2 component of pyruvate dehydrogenase complex)	0.012298770123	890.71989	781.1062532	777.9404967	946.6707916	1800.834643	1467.891887	1282.035059	1134.97122	790.6815771	757.1592722	862.2443739	906.5350558	1.67402842645	0.976499743007
1426264_at	Dlat			dihydrolipoamide S-acetyltransferase (E2 component of pyruvate dehydrogenase complex)	0.012898710129	791.7526606	759.2120077	728.9954501	927.6405013	1810.622409	1500.034534	1244.413297	1015.715748	740.9349104	770.6030041	852.9562889	871.6335995	1.73674551432	1.00889362068
1449325_at	Fads2			fatty acid desaturase 2	0.000499950005	850.6500903	902.8603214	812.382865	807.9952491	1717.494781	1835.299757	1089.794198	883.5138865	581.4833208	772.6921869	757.1592722	700.9292406	1.63790314358	0.833537918931
1420984_at	Pctp			phosphatidylcholine transfer protein	0.011398860114	832.422413	658.6101794	645.3705791	915.16686	1273.382388	1568.565436	1379.270779	1054.958111	695.2586603	855.2687398	876.3667875	812.382865	1.72900397485	1.06151162161
1417177_at	Galk1			galactokinase 1	0.004399560044	811.283873	809.0897863	815.6887815	814.5853172	1236.014541	1266.507583	1313.663449	1193.266028	791.7526606	883.5138865	776.8880983	800.3742818	1.54106257397	1.00057870595
1420541_at	Rdh16			retinol dehydrogenase 16	0.000399960004	698.0884346	475.9053953	449.6005531	683.129839	1620.372735	1646.914564	1183.611579	846.0557962	838.0764247	778.9943207	889.5149237	806.9021927	2.2963103364	1.43644733523
1452132_at	Tlcd1			TLC domain containing 1	0.014398560144	706.6460705	911.4571356	598.2517908	813.4833457	1436.437991	1206.264024	1107.64511	1083.910559	693.37884	726.040391	730.9718306	833.55004	1.59554970839	0.984851587507
1455405_at	Pstpip2			proline-serine-threonine phosphatase-interacting protein 2	0.002299770023	584.6405151	556.0770553	544.8986098	608.8740429	1717.494781	1219.395152	1000.702207	1883.121016	792.825195	675.7711734	619.6848983	547.116024	2.53682194738	1.14857638711
1419430_at	Cyp26a1			"cytochrome P450, family 26, subfamily a, polypeptide 1"	0.000299970003	841.4868988	561.3718844	584.6405151	732.9535693	1587.796163	2059.116869	1308.338377	1344.244637	438.7769715	234.9120648	437.590619	334.2458876	2.3156056556	0.531354746159
1449209_a_at	Rdh11			retinol dehydrogenase 11	0.000699930006999	643.6256447	553.8229389	386.8694507	574.4414328	1669.360703	1138.043509	950.5231804	1185.220689	685.9097723	759.2120077	1035.154216	680.3607009	2.28980956736	1.4640985923
1423797_at	Aacs			acetoacetyl-CoA synthetase	0.024897510249	318.7775013	806.9021927	455.1120579	1053.533154	1207.895558	1278.565185	984.576162	1963.824103	434.0504718	472.0556053	481.0876653	773.7389014	2.06309441779	0.820298452541
1438627_x_at	Pgd			phosphogluconate dehydrogenase	0.00809919008099	609.6988438	727.0239093	613.8400639	747.9899106	1209.529298	1231.012759	1130.370496	904.0839925	751.033786	691.5041024	747.9899106	613.0096607	1.65829501856	1.03890408775
1426440_at	Dhrs7			dehydrogenase/reductase (SDR family) member 7	0.010698930107	619.6848983	658.6101794	642.7549476	686.8389284	1241.045247	1148.886051	1219.395152	727.0239093	647.1206926	680.3607009	711.4452861	881.1250671	1.6627818271	1.11969941916
1427213_at	Pfkfb1			"6-phosphofructo-2-kinase/fructose-2,6-biphosphatase 1"	0.001299870013	540.4903313	813.4833457	761.270836	730.9718306	879.9330806	980.5857594	1172.449444	1297.752903	492.288081	541.2224974	725.0582031	536.843959	1.52157132986	0.806478659172
1448300_at	Mgst3			microsomal glutathione S-transferase 3	0.000299970003	532.5012125	345.7520512	342.4909366	505.1153239	1122.741434	973.9703205	1331.56764	1052.102829	683.129839	810.1858061	728.0092646	630.6872685	2.59602949178	1.65251698543
1424358_at	Ube2e2			"ubiquitin-conjugating enzyme E2E 2 (UBC4/5 homolog, yeast)"	0.00559944005599	625.5853857	521.0908095	597.4424754	633.2542306	946.6707916	1067.891975	883.5138865	944.1112105	603.1311759	597.4424754	766.441038	764.3687569	1.6161485906	1.14890829488
1428894_at	1300018J18Rik			RIKEN cDNA 1300018J18 gene	0.00929907009299	656.8294482	624.7386604	526.7651164	626.4328244	752.0516825	726.040391	774.7870337	747.9899106	538.2997705	614.671592	712.4095273	675.7711734	1.23250815763	1.04369455284
1426913_at	Lss			lanosterol synthase	0.001099890011	459.4455232	258.0879546	185.2337276	388.4440492	977.93448	1199.751582	670.3041241	1710.532737	428.2139544	460.6911266	421.3134024	583.8496131	3.53042378376	1.46689249319
1421382_at	Prlr			prolactin receptor	0.000699930006999	407.8443907	298.7212377	328.4147241	425.3250452	967.4001827	1003.415212	777.9404967	970.0229026	440.5625336	564.4198827	817.9001964	633.2542306	2.54657607913	1.6819336881
1452625_at	Kctd2			potassium channel tetramerisation domain containing 2	0.000499950005	529.6252154	548.599311	461.9404271	548.599311	981.9140934	1008.864007	741.9386053	806.9021927	405.6419365	455.1120579	508.5458353	435.8167998	1.69459950965	0.86420313684
1460204_at	Tec			tec protein tyrosine kinase	0.012798720128	508.5458353	536.1177162	446.5673609	562.8938205	848.3501272	849.4993304	762.3020787	746.9780294	468.2366332	518.2764391	521.7966964	517.5753145	1.56131198575	0.986252222541
1435217_at	Gm7969			Predicted gene 7969	0.000899910008999	577.5603928	641.8854283	634.1120578	608.0503577	672.1213865	686.8389284	638.4186557	819.0081511	375.516893	391.6119557	435.2272266	380.1204942	1.14412483669	0.642862883692
1448905_at	Nme3			"non-metastatic cells 3, protein expressed in"	0.000499950005	556.8303357	554.5731658	514.7802878	569.0233323	724.0773439	789.6119426	778.9943207	661.2907906	308.1690145	386.3460935	547.116024	466.9706285	1.34564723699	0.778332825039
1427052_at	Acacb /// LOC100047358			acetyl-Coenzyme A carboxylase beta /// similar to acetyl-Coenzyme A carboxylase beta	0.002799720028	465.707724	456.9644109	381.1510394	587.0200622	1226.022721	959.5738287	718.2194934	521.7966964	455.7285678	420.7434494	255.3078346	343.8846716	1.81168521714	0.780426687371
1416842_at	Gstm5			"glutathione S-transferase, mu 5"	0.003299670033	584.6405151	496.9755272	497.6487467	313.2164122	832.422413	840.3485348	691.5041024	691.5041024	353.3230352	428.2139544	485.0114513	485.0114513	1.61469458754	0.925536217263
1437341_x_at	Cnp			"2',3'-cyclic nucleotide 3' phosphodiesterase"	0.00789921007899	535.3924558	487.6451845	358.1387962	568.2535572	928.8971139	916.4065753	646.2452674	556.0770553	305.6758996	443.5549395	435.2272266	472.0556053	1.56334211628	0.849742579294
1448227_at	Grb7			growth factor receptor bound protein 7	0.000399960004	501.7076061	607.2277868	476.5500725	516.1759093	768.51947	738.931592	670.3041241	700.9292406	327.9704445	498.9982688	424.1750636	394.2718776	1.36971848146	0.78291187834
1438164_x_at	Flot2			flotillin 2	0.004599540046	420.7434494	351.4147654	355.2414213	464.4485569	816.7937405	753.0704366	694.318114	579.1262175	387.3935169	569.7941502	564.4198827	645.3705791	1.78616812904	1.36129697444
1455640_a_at	Txn2			thioredoxin 2	0.003499650035	371.9752959	362.038672	354.2809298	425.3250452	923.8808541	822.3415986	469.5060701	646.2452674	383.220519	444.1557937	582.2710174	423.6012393	1.89081400759	1.21116835042
1452501_at	Cyp2c38			"cytochrome P450, family 2, subfamily c, polypeptide 38"	0.000799920007999	265.8904223	219.5369548	275.7891711	331.5418085	850.6500903	972.6527329	601.5004473	817.9001964	293.1129706	475.2615902	572.1128745	503.0677863	2.96744787813	1.68706577286
1429262_at	Rassf6			Ras association (RalGDS/AF-6) domain family member 6	0.004299570043	278.4151678	495.6318191	336.9717878	514.7802878	908.9927642	649.7540901	878.7427067	801.4584953	309.8424491	304.8494219	289.9555615	317.9155999	1.99221916841	0.75197671139
1443838_x_at	Fads2			fatty acid desaturase 2	0.012198780122	369.9662866	388.4440492	345.2843176	400.7292476	857.5880544	1021.231338	608.8740429	464.4485569	361.5489058	359.5962087	359.1097467	440.5625336	1.96230729267	1.01089685812
1429822_at	4633401B06Rik			RIKEN cDNA 4633401B06 gene	0.000899910008999	519.6815391	587.815259	313.2164122	415.6481557	1042.180897	709.5217009	621.3649268	534.6681766	233.4853143	307.7521233	196.6029283	278.7923183	1.58342238904	0.553612542184
1434185_at	Acaca			acetyl-Coenzyme A carboxylase alpha	0.01299870013	246.4776462	343.4194642	262.67025	392.1424462	887.1098789	888.3115874	825.6880412	609.6988438	357.1704708	356.2047636	331.990926	253.0709325	2.57956379413	1.04316450792
1433448_at	Slc25a44			"solute carrier family 25, member 44"	0.000699930006999	368.466845	476.5500725	478.4896803	531.061083	573.6643281	619.6848983	614.671592	675.7711734	343.8846716	298.7212377	383.220519	306.920032	1.33928355245	0.718629184633
1428154_s_at	Ppapdc1b			phosphatidic acid phosphatase type 2 domain containing 1B	0.000299970003	301.565588	324.4375512	366.9732262	308.1690145	554.5731658	552.3255285	493.623066	648.8751024	404.5448931	468.870922	418.4710472	419.6058554	1.7287821157	1.31537393449
1434331_at	Eif2c1			"eukaryotic translation initiation factor 2C, 1"	0.001199880012	475.2615902	419.0382124	401.2723669	427.6343699	534.6681766	576.7790687	477.1959538	472.0556053	289.1713876	380.635418	402.3602569	369.9662866	1.19585131398	0.836889436133
1448865_at	Hsd17b7			hydroxysteroid (17-beta) dehydrogenase 7	0.001299870013	357.6543058	281.8281676	246.3107869	294.7044429	537.5715582	524.6298191	542.6898064	696.2004807	292.7162443	381.1510394	406.1914325	501.7076061	1.94925552008	1.33991478172
1455477_s_at	Pdzk1ip1			PDZK1 interacting protein 1	0.001199880012	166.6709661	237.6307951	140.9140838	227.556029	1320.794223	825.6880412	454.4963821	505.7995699	299.9370639	355.2414213	188.7780217	253.5854219	4.02030446595	1.42026640167
1415738_at	Txndc12			thioredoxin domain containing 12 (endoplasmic reticulum)	0.000499950005	400.7292476	445.9632444	424.1750636	399.1051265	550.8321667	564.4198827	532.5012125	429.9565312	207.8240779	292.7162443	382.7020981	293.5100311	1.24415795262	0.704653713209
1421221_at	Bco2			beta-carotene oxygenase 2	0.001399860014	412.285525	408.9500982	328.8596056	401.8159437	520.3858776	585.4324885	518.9785136	468.2366332	261.9600498	260.8983482	383.220519	345.7520512	1.3486812583	0.806638285994
1421410_a_at	Pstpip2			proline-serine-threonine phosphatase-interacting protein 2	0.000299970003	241.0328546	196.6029283	215.8530997	287.2207164	770.6030041	568.2535572	569.0233323	766.441038	295.5034165	320.9427142	313.2164122	297.1080738	2.84287620159	1.30409067581
1435878_at	Stk38l			serine/threonine kinase 38 like	0.010698930107	291.9248065	351.8908035	291.9248065	460.6911266	491.6221134	527.4786899	552.3255285	593.4122916	342.4909366	250.6841549	309.4232941	345.2843176	1.55026476887	0.893622540515
1448110_at	Sema4a			"sema domain, immunoglobulin domain (Ig), transmembrane domain (TM) and short cytoplasmic domain, (semaphorin) 4A"	0.010398960104	352.8450596	372.4791859	276.9114695	363.5119547	565.9500821	555.3247939	494.9613281	433.463288	271.7126644	351.8908035	399.6457675	330.6453953	1.50078930213	0.991321208695
1426959_at	Bdh1			"3-hydroxybutyrate dehydrogenase, type 1"	0.00619938006199	289.9555615	263.0262541	302.792991	311.1033242	512.0	699.9810231	450.8194657	441.1593342	251.7042908	368.9659824	411.1707993	340.64117	1.80306731908	1.17620015859
1428228_at	Pgm3			phosphoglucomutase 3	0.014398560144	294.3057665	292.7162443	346.68942	342.0276146	485.6684639	618.8465882	412.285525	485.0114513	365.4859153	281.0661687	381.1510394	260.8983482	1.56913910852	1.01008233325
1425148_a_at	LOC100047864 /// Snx6			similar to sorting nexin 6 /// sorting nexin 6	0.013898610139	327.5267659	266.9724386	222.9816222	374.5015813	561.3718844	527.4786899	432.8768986	384.259735	360.0835792	339.7201543	391.6119557	291.9248065	1.59900615572	1.16053767775
1425853_s_at	Prlr			prolactin receptor	0.024297570243	395.3407886	189.931581	161.5613168	236.5074797	555.3247939	508.5458353	373.4890147	560.6120716	266.9724386	319.6419609	483.0457416	320.5085427	2.03181945837	1.41371960386
1425079_at	Tm6sf2			transmembrane 6 superfamily member 2	0.000299970003	249.4991344	202.5464515	160.9064112	230.9702135	510.6156692	514.7802878	400.7292476	516.1759093	311.524755	271.3449032	343.4194642	348.1002404	2.30151676245	1.51007918359
1431175_at	1810019D21Rik			RIKEN cDNA 1810019D21 gene	0.010898910109	270.6112487	271.3449032	179.7981043	274.6714213	424.7496652	592.6095231	405.0929031	415.6481557	243.1631832	290.3483449	249.1616118	275.0435003	1.84469377757	1.06151082222
1418924_at	Rassf7			Ras association (RalGDS/AF-6) domain family (N-terminal) member 7	0.00589941005899	250.0061891	297.5105462	231.7531278	329.3050897	458.823985	481.7393625	420.7434494	420.1742674	254.6175407	268.0588581	228.1729564	233.9598242	1.60700100593	0.888355971703
1428386_at	Acsl3			acyl-CoA synthetase long-chain family member 3	0.001599840016	138.4557347	167.4625862	139.9634188	237.309328	630.6872685	475.9053953	448.3849361	590.2073185	234.2767539	254.4451708	201.5889849	281.0661687	3.1399487198	1.42182344621
1437704_at	Mblac2			metallo-beta-lactamase domain containing 2	0.00299970003	327.5267659	331.5418085	246.9785604	347.6293302	398.0260376	362.038672	425.9012046	362.5291015	247.3131257	201.7255482	253.5854219	284.8970751	1.23516318518	0.787700175021
1456081_a_at	Aacs			acetoacetyl-CoA synthetase	0.013498650135	131.6021273	268.0588581	168.600032	351.8908035	441.1593342	435.8167998	377.5560434	713.3745808	219.8343469	174.7585221	208.1056033	286.0564372	2.13867615485	0.965878553205
1457991_at	---			---	0.001599840016	260.8983482	303.2031644	188.9057755	266.6112781	536.843959	517.5753145	519.6815391	370.9693027	194.3534625	245.4785233	151.1915814	187.5044468	1.90764485836	0.7635482913
1448218_s_at	Ywhaz			"tyrosine 3-monooxygenase/tryptophan 5-monooxygenase activation protein, zeta polypeptide"	0.001099890011	348.5720301	340.64117	323.1226337	292.7162443	388.9702483	398.0260376	386.8694507	345.2843176	180.4076868	200.2291207	314.4910172	194.4851242	1.164053205	0.681668543216
1451782_a_at	Slc29a1			"solute carrier family 29 (nucleoside transporters), member 1"	0.02099790021	274.2996555	303.2031644	262.3149095	228.018647	337.4284949	460.6911266	420.1742674	444.1557937	148.3530729	230.657597	343.4194642	205.5853996	1.55683934294	0.869061547452
1428547_at	Nt5e			"5' nucleotidase, ecto"	0.004699530047	251.7042908	199.8228837	236.0278026	224.0406952	423.6012393	402.9053075	366.4767846	365.4859153	349.5170442	249.1616118	349.9905115	215.7071219	1.70960579789	1.27729466559
1436841_at	B230380D07Rik			RIKEN cDNA B230380D07 gene	0.00899910008999	306.920032	245.6448189	181.019336	283.3583684	378.0674934	406.1914325	406.1914325	399.6457675	267.3340883	274.6714213	223.7376128	221.3275142	1.56360466736	0.970625756052
1455339_at	Fkbp15			FK506 binding protein 15	0.002299770023	247.9837885	234.1183166	253.2423714	190.317709	336.0606933	458.2032877	387.918293	385.3015021	211.0849631	268.4219795	305.6758996	279.9268377	1.69336481565	1.15064620397
1451828_a_at	Acsl4			acyl-CoA synthetase long-chain family member 4	0.000799920007999	324.877045	305.262381	293.5100311	230.9702135	408.9500982	358.1387962	309.4232941	371.47183	213.3835277	168.600032	203.5084657	177.1404649	1.25407877188	0.660505367888
1417399_at	Gas6			growth arrest specific 6	0.01399860014	243.3279103	193.9591465	194.2220246	220.5796671	492.9552924	411.7277849	343.8846716	306.5048304	202.9582254	202.4094728	194.090541	297.1080738	1.82501245561	1.05219827697
1417280_at	Slc17a1			"solute carrier family 17 (sodium phosphate), member 1"	0.013598640136	141.7751625	216.8783151	225.2572921	266.2506062	332.4406519	407.2926586	419.0382124	461.315194	157.2455086	176.7810716	255.1349974	237.6307951	1.90562258275	0.972512273714
1448559_at	Flot1			flotillin 1	0.001299870013	253.0709325	202.4094728	203.2331594	169.8600771	341.1028503	353.3230352	343.8846716	309.0044919	262.67025	315.3436342	251.02374	286.832164	1.62606554328	1.34673580223
1436448_a_at	Ptgs1			prostaglandin-endoperoxide synthase 1	0.003099690031	269.5144846	190.5755197	229.1016438	207.2621691	387.3935169	372.4791859	307.7521233	282.5922323	277.662397	230.3455633	233.1692936	254.1009572	1.50617581463	1.11023924714
1449163_at	Sigirr			single immunoglobulin and toll-interleukin 1 receptor (TIR) domain	0.004799520048	226.633764	230.3455633	227.556029	220.5796671	377.5560434	364.9914857	323.9986519	343.4194642	186.239593	206.2824106	289.5631087	181.7559773	1.55777509902	0.954399239066
1427357_at	Cda			cytidine deaminase	0.000999900009999	291.1355087	288.7801964	160.9064112	210.0871337	579.911123	330.198098	292.7162443	394.8059713	160.3627219	161.7801732	165.099049	135.1225828	1.68010926027	0.65449413485
1421258_a_at	Pklr			pyruvate kinase liver and red blood cell	0.013498650135	161.2335315	283.3583684	168.7142474	283.3583684	293.5100311	348.5720301	392.6739275	345.2843176	177.9818109	233.9598242	245.6448189	185.3592112	1.53908210054	0.940090357587
1451956_a_at	Sigmar1			sigma non-opioid intracellular receptor 1	0.000999900009999	284.5116662	228.4822054	210.2293082	179.3119714	523.2113401	463.8202506	337.8855867	285.6694599	140.2479624	115.8765639	212.6625226	131.2463053	1.78451402714	0.664831007858
1448663_s_at	Mvd			mevalonate (diphospho) decarboxylase	0.012398760124	150.1716843	147.1528833	131.5131271	178.5852354	542.6898064	503.7496077	287.2207164	587.815259	93.56207807	156.8203528	106.5474311	186.6180859	3.16332376386	0.894842655644
1426594_at	Frmd4b			FERM domain containing 4B	0.00699930006999	240.2184248	135.397285	141.7751625	192.5203312	388.9702483	354.2809298	430.5389646	371.9752959	206.4220103	202.4094728	215.4153132	174.286015	2.17740673901	1.12483477844
1436404_at	Tlcd1			TLC domain containing 1	0.013398660134	188.7780217	218.9433772	164.987281	232.3815951	392.6739275	379.6060039	341.5649195	280.6859422	168.8284232	185.2337276	218.2035858	257.0417682	1.73214214158	1.03008014201
1428667_at	Maoa			monoamine oxidase A	0.000299970003	127.481227	195.8059778	199.417471	195.8059778	326.6412085	278.0385276	338.3432977	263.739345	252.557662	211.5139491	261.2517698	207.8240779	1.67953303511	1.29872459667
1448111_at	Ctps2			cytidine 5'-triphosphate synthase 2	0.000899910008999	167.9167106	152.9414874	135.8563322	182.7429576	309.8424491	361.0598023	282.5922323	270.9778277	222.8308235	278.7923183	239.7310552	233.1692936	1.9148611671	1.52398479835
1448892_at	Dock7			dedicator of cytokinesis 7	0.000299970003	212.23106	161.2335315	154.8163467	194.8803744	307.335796	313.6407055	260.5454048	265.5305415	220.1322943	212.9506023	240.381157	233.1692936	1.58616401046	1.25370831017
1458438_at	Ccdc122			coiled-coil domain containing 122	0.00499950005	237.9526976	144.5856938	171.8260541	190.7044899	254.6175407	318.7775013	252.899785	287.6097951	235.8680176	201.0439344	231.5963972	230.3455633	1.49503565264	1.20640368937
1451611_at	Pla2g16			"phospholipase A2, group XVI"	0.004499550045	253.5854219	182.6192451	167.4625862	165.3226977	358.1387962	272.0807353	266.2506062	264.096615	203.3708364	215.9993259	215.5610935	186.1135133	1.50920925734	1.06769245572
1423706_a_at	Pgd			phosphogluconate dehydrogenase	0.015198480152	143.416082	179.0693981	143.6103582	177.6207106	362.038672	412.285525	327.0836875	208.6697986	176.6615176	187.7584465	217.6136133	165.8830881	2.03517788278	1.16187267017
1426555_at	Scpep1			serine carboxypeptidase 1	0.00979902009799	193.3039088	166.107914	176.7810716	191.2216416	327.9704445	304.4370214	265.8904223	254.4451708	142.3521034	181.019336	250.1755518	216.8783151	1.58471270775	1.08662291882
1429083_at	Agl			"amylo-1,6-glucosidase, 4-alpha-glucanotransferase"	0.00499950005	192.5203312	197.0024826	148.8559418	166.7838747	280.6859422	294.3057665	298.3171274	279.1699796	167.576031	174.5221087	244.1528824	219.9832702	1.63434471167	1.1433309958
1453578_at	Pter			phosphotriesterase related	0.000899910008999	182.7429576	184.3581007	181.6330589	301.565588	366.9732262	309.8424491	265.5305415	320.0749585	117.8541703	122.4902409	168.7142474	140.7234551	1.48467789366	0.646574508186
1434853_x_at	Mkrn1			"makorin, ring finger protein, 1"	0.002399760024	133.4862193	118.7350447	92.5542286	163.9852222	420.7434494	425.3250452	291.1355087	195.4088503	135.5806987	192.5203312	242.9987361	191.0921892	2.6193312786	1.49813445305
1417777_at	Ptgr1			prostaglandin reductase 1	0.000399960004	135.6724516	161.8896564	93.62539532	90.57098233	307.335796	268.0588581	306.5048304	252.0452578	264.8126077	242.9987361	185.2337276	185.9876479	2.35376184556	1.82463359854
1423969_at	Nup37			nucleoporin 37	0.001199880012	207.8240779	183.2383923	194.3534625	211.3709058	261.6056701	218.3514044	218.7953095	235.8680176	126.9644685	164.7640861	199.147699	147.3522214	1.17298674682	0.801002782879
1423054_at	Wdr1			WD repeat domain 1	0.001499850015	164.6525448	160.6887369	125.2572239	149.2596088	264.8126077	297.9135638	231.1265204	231.4396121	195.2765633	195.6735576	180.5299011	153.8760616	1.70922469729	1.2092127558
1445689_at	---			---	0.021897810219	217.9083999	107.125936	181.879105	168.2579661	260.8983482	236.6676979	320.0749585	197.6703943	176.9008292	178.1023818	139.7740762	148.0520852	1.50378317028	0.952098038713
1434360_s_at	LOC632664 /// Ptprg			"similar to protein tyrosine phosphatase, receptor type, G /// protein tyrosine phosphatase, receptor type, G"	0.001799820018	126.1080009	150.5788149	123.2388231	168.2579661	308.1690145	251.5338931	229.5672449	252.728578	158.7427617	169.2861342	210.7994072	164.5411932	1.83391199839	1.23792642046
1460258_at	Lect1			leukocyte cell derived chemotaxin 1	0.018498150185	180.0417896	183.7351702	95.28775984	204.3367661	288.7801964	251.5338931	284.1267786	192.390133	152.6311905	149.7656544	133.2153944	183.2383923	1.53275357827	0.932844808012
1424416_at	Nkiras2			NFKB inhibitor interacting Ras-like protein 2	0.004799520048	132.2271845	136.5015005	91.61919616	117.8541703	405.0929031	264.454369	244.1528824	229.2566862	129.5691098	157.7786294	171.7097321	126.7069632	2.39011279272	1.22493082728
1451140_s_at	Prkag2			"protein kinase, AMP-activated, gamma 2 non-catalytic subunit"	0.023797620238	173.5795285	180.4076868	164.6525448	160.1457831	208.38751	237.4700895	185.8617388	205.1682956	168.4858939	124.4964677	194.7485802	181.019336	1.23291906005	0.985215852782
1429786_a_at	Zwint			ZW10 interactor	0.002899710029	135.0311081	178.5852354	135.3056244	125.8521454	242.6700073	212.3748326	224.3441882	195.4088503	195.9386235	173.8146651	182.8666272	173.1102092	1.52198552119	1.26263536963
1452917_at	Rfc5			replication factor C (activator 1) 5	0.000799920007999	174.8767883	170.5514251	180.2856802	171.8260541	229.7227616	269.1498852	222.5293779	177.0205451	115.8765639	131.6912791	151.9096806	151.3964955	1.28798726548	0.789738309492
1455647_at	Ar			androgen receptor	0.011098890111	129.1313066	137.6148167	105.8286179	178.2229109	218.9433772	257.0417682	272.0807353	352.8450596	62.79840448	99.50650939	142.0633893	158.2063832	1.99875750396	0.839826903049
1426956_a_at	Trp53bp1			transformation related protein 53 binding protein 1	0.00559944005599	147.8518003	126.6211857	138.2684317	151.0893331	309.4232941	270.6112487	203.6463293	198.2062987	113.0869779	176.1838653	100.0467852	135.0311081	1.7414572891	0.929975415062
1434292_at	Snhg11			small nucleolar RNA host gene 11 (non-protein coding)	0.002099790021	157.3520321	109.9171734	55.66999313	88.81035532	211.2278129	339.7201543	278.0385276	242.1776638	152.7345881	114.4732738	114.0864782	185.4846513	2.60149439951	1.37651391717
1442409_at	D9Wsu90e			"DNA segment, Chr 9, Wayne State University 90, expressed"	0.000299970003	186.7445074	202.5464515	138.1749232	84.01517331	547.116024	254.2729176	293.5100311	235.5489352	8.963505126	9.971917865	8.92113333	8.945319426	2.17577943933	0.0601848175367
1417008_at	Crat			carnitine acetyltransferase	0.002199780022	136.5939713	141.8712059	133.1253031	154.1888893	262.3149095	235.3894743	272.8183738	181.5100977	98.23491648	83.16646464	121.0888319	141.8712059	1.68269277116	0.785396998894
1454983_at	B230380D07Rik			RIKEN cDNA B230380D07 gene	0.00579942005799	152.424711	137.5217501	74.93350346	149.1585637	225.8679874	251.3637851	180.2856802	189.1618046	174.6402148	139.5849898	111.2646889	170.5514251	1.64711244538	1.15952654486
1436532_at	Dclk3			doublecortin-like kinase 3	0.012198780122	176.4225298	151.3964955	81.99261112	142.4485375	206.0032089	201.7255482	261.2517698	187.8856405	153.9803025	144.6836411	89.83825498	120.5980693	1.55156248425	0.921848599486
1418052_at	Mvk			mevalonate kinase	0.001499850015	128.2602221	71.90244877	61.66111191	93.37225368	226.9407696	240.0559692	184.108701	291.9248065	88.69021262	146.5564853	153.3561273	178.9481725	2.65495712086	1.59785284593
1451376_at	Atl3			atlastin GTPase 3	0.004199580042	100.5219672	149.5629477	103.2809238	98.36798875	230.1897845	196.6029283	217.7610322	157.8854046	131.1574548	153.667898	148.1523808	174.4039615	1.77635390763	1.34455659105
1424383_at	Tmem51			transmembrane protein 51	0.001399860014	116.0335342	103.0016044	72.48889038	105.0435669	201.5889849	191.6102595	229.4119925	210.9420638	194.7485802	168.3719498	137.7080417	108.7331471	2.10191984761	1.53709411745
1422925_s_at	Acot3			acyl-CoA thioesterase 3	0.000299970003	20.65134728	16.42801199	15.16173553	17.06268756	373.4890147	528.9087381	171.9423358	261.2517698	121.9937984	102.4453719	76.41897489	115.4851068	19.2715579571	6.00751124704
1439465_x_at	Agbl5			ATP/GTP binding protein-like 5	0.000299970003	108.2192247	118.8153975	92.93086942	200.0935704	258.0879546	263.739345	315.3436342	215.5610935	56.39060827	53.81737058	61.87016602	53.78093753	2.02425475139	0.434295061647
1422516_a_at	Fibp			fibroblast growth factor (acidic) intracellular binding protein	0.00829917008299	122.7392617	137.3357106	120.6796829	112.0203476	144.8796343	190.317709	200.0935704	210.3717247	134.029429	136.779006	127.0504786	160.0374793	1.51319087649	1.13215238137
1437537_at	Casp9			caspase 9	0.002099790021	151.6015822	143.9022161	117.4560324	156.3963464	180.0417896	167.3493341	165.4345782	189.4180494	109.4716886	139.5849898	124.6651148	134.4838387	1.23339972331	0.89259702861
1422670_at	Rnd2			Rho family GTPase 2	0.00689931006899	97.96931175	112.476282	68.66785532	77.09444467	238.2750362	300.7502236	195.9386235	232.0670683	86.3210794	95.4168398	145.9624033	107.0534886	2.71479371624	1.22050583028
1428449_at	Gtf3c2			"general transcription factor IIIC, polypeptide 2, beta"	0.012098790121	111.7174702	159.8209805	97.17673125	122.4902409	169.8600771	234.9120648	187.6314687	177.6207106	111.1893655	114.5508219	131.4240959	127.2225854	1.56762178384	0.986118731934
1424277_at	Haus7 /// LOC100044098			"HAUS augmin-like complex, subunit 7 /// similar to UCH37-interacting protein 1"	0.001799820018	85.73872154	86.61367994	82.15930087	97.44018721	226.1739557	214.1069772	186.9974777	222.0778968	106.3312613	106.0437659	114.6283431	86.26264214	2.41327389508	1.17421165989
1417303_at	Mvd			mevalonate (diphospho) decarboxylase	0.013498650135	61.57769672	76.21235548	50.05728017	82.77332463	259.1382196	270.9778277	168.9427933	346.2204184	59.85168671	62.0379023	59.60911297	84.01517331	3.86252576055	0.981129372138
1452962_at	Tmem25			transmembrane protein 25	0.004099590041	102.5147719	132.6754839	121.2528628	122.9887887	136.1324317	197.9381651	151.2940038	153.7718913	115.6415467	118.8153975	106.836292	118.8958872	1.3331121316	0.959863364104
1417689_a_at	Pdzk1ip1			PDZK1 interacting protein 1	0.00989901009899	61.95397739	56.88900724	16.74234841	81.27428196	472.0556053	299.9370639	161.6706519	129.8325218	64.69691431	81.49462477	59.68986145	48.1952814	4.90407512206	1.17161824681
1450409_a_at	Slc48a1			"solute carrier family 48 (heme transporter), member 1"	0.000599940005999	105.3283506	84.93003857	108.5860528	81.05447872	149.6642667	178.2229109	130.4491741	178.5852354	124.4964677	136.4091869	113.2401692	116.426931	1.67655540043	1.29132442364
1424140_at	Gale			"galactose-4-epimerase, UDP"	0.000299970003	63.13941549	97.90298892	107.9265498	119.0569475	271.3449032	235.0710393	209.5191062	163.3206042	57.93828196	36.61431753	50.56811164	24.65866858	2.26597154733	0.437546511616
1454891_at	Cds2			CDP-diacylglycerol synthase (phosphatidate cytidylyltransferase) 2	0.001199880012	79.91049023	107.3437215	83.27912469	57.4306904	222.0778968	191.8698211	118.9763488	139.0192638	94.32511181	99.23746656	116.5846468	110.1406334	2.04883241926	1.28150597078
1430401_at	3110045C21Rik			RIKEN cDNA 3110045C21 gene	0.014298570143	95.4168398	102.9319462	52.0968775	90.38722646	158.2063832	142.1595294	189.2898181	229.5672449	73.67611072	70.12398118	94.90150096	107.2710524	2.11019240451	1.01507998627
1450884_at	Cd36			CD36 antigen	0.003699630037	80.18136095	61.66111191	58.48995605	83.27912469	156.0790401	233.4853143	172.291892	179.5548734	77.61803474	86.0294077	132.6754839	80.99966297	2.61417812635	1.33042037435
1459242_at	---			---	0.00659934006599	107.3437215	126.6211857	107.2710524	107.3437215	269.5144846	127.0504786	135.8563322	107.9265498	107.7076566	67.24191934	41.80901067	47.32245451	1.4275007812	0.588704866151
1441437_at	---			---	0.023597640236	134.1202252	72.24395649	78.46323972	90.50966799	176.5419221	138.7372132	185.3592112	102.1683831	101.8231647	96.3905628	88.57023245	87.43839413	1.60604093393	0.99703004219
1416251_at	Mcm6			"minichromosome maintenance deficient 6 (MIS5 homolog, S. pombe) (S. cerevisiae)"	0.016798320168	98.83519714	57.15920715	141.2961161	61.32812761	177.0205451	262.3149095	170.6668442	114.6283431	70.07650896	87.67550925	52.3088809	55.82092012	2.02061617805	0.741405447577
1450984_at	Tjp2			tight junction protein 2	0.000399960004	118.9763488	116.9799121	117.138377	117.138377	119.8655276	139.868764	156.2904699	117.4560324	76.52254761	86.3210794	79.58656472	65.93483624	1.13450305911	0.655770688571
1435349_at	Nrp2			neuropilin 2	0.000299970003	79.21034743	86.672355	110.6637571	110.7387245	137.8012343	168.4858939	180.5299011	162.7687576	58.60886525	75.03501086	61.95397739	71.12791654	1.67728024124	0.688706361716
1448592_at	Crtap			cartilage associated protein	0.00729927007299	76.7819343	104.9724549	88.69021262	105.1146541	134.3928896	122.6562552	179.7981043	137.7080417	58.68825877	92.80515248	99.30462458	85.217983	1.529865878	0.894708394303
1426569_a_at	Frk			fyn-related kinase	0.015398460154	75.49352468	80.07289156	97.17673125	94.8373207	112.1720941	144.6836411	155.7623775	115.3287985	82.82934069	90.75504887	109.8428383	112.5523992	1.51891996104	1.1392459108
1418605_at	Nr2c1			"nuclear receptor subfamily 2, group C, member 1"	0.000299970003	95.09443429	99.6413042	91.74330656	85.39122987	164.2073621	138.4557347	180.2856802	128.6079485	65.44572267	67.56129142	65.35714235	76.36729405	1.64454318278	0.738783035426
1425027_s_at	Sft2d2			SFT2 domain containing 2	0.002299770023	86.26264214	91.00115808	101.4791127	90.26495057	155.2360695	117.2970565	173.5795285	126.364289	83.84471826	61.82828143	75.4424697	95.22325236	1.55139497052	0.857268240189
1424626_at	2010003K11Rik			RIKEN cDNA 2010003K11 gene	0.00849915008499	60.46251142	60.87314503	47.22644386	70.69591747	263.0262541	293.1129706	88.69021262	107.3437215	31.08201221	69.98170941	71.51410931	70.79168451	3.1437740971	1.01718436731
1452148_at	Lrpap1			low density lipoprotein receptor-related protein associated protein 1	0.004899510049	76.57433352	76.10925536	84.75772738	77.14661761	196.2040484	161.8896564	138.5495294	94.77311816	67.15095443	86.4965089	90.0208948	85.04508761	1.87997150776	1.04490163274
1451363_a_at	Dennd2d			DENN/MADD domain containing 2D	0.002399760024	94.13380458	100.4539859	72.09738359	93.75222338	131.0687552	148.3530729	127.3949253	133.3056391	63.05400046	91.80545661	87.85369134	87.61615507	1.49851928885	0.916467896553
1418123_at	Unc119			unc-119 homolog (C. elegans)	0.00969903009699	78.99618078	103.1412053	75.13665577	75.18755591	120.1092124	175.2323101	176.0645931	94.26132135	72.98120164	81.1093878	67.6986425	71.27246912	1.70145195945	0.881490382753
1420983_at	Pctp			phosphatidylcholine transfer protein	0.01899810019	77.77583104	76.99015126	77.14661761	86.08762729	129.3938286	175.5885548	111.2646889	89.41357645	77.40817334	77.25112297	96.97957324	77.25112297	1.59012669017	1.03424452056
1451416_a_at	Tgm1			"transglutaminase 1, K polypeptide"	0.020297970203	85.73872154	74.93350346	58.01676708	58.7280162	143.0282186	94.70902472	127.9133471	168.8284232	48.42418961	76.47074372	84.64306708	115.9550627	1.92662669435	1.1732988728
1417963_at	Pltp			phospholipid transfer protein	0.00959904009599	50.09115596	50.05728017	44.5859113	50.15904586	237.7917743	218.4991716	152.6311905	104.4055793	39.36462965	67.60705974	50.05728017	50.22699297	3.66009182589	1.06343246957
1458245_at	Gm12528			predicted gene 12528	0.001799820018	73.22863506	45.28549117	34.63738234	45.59304943	229.4119925	130.0964694	155.8678963	78.7292593	67.97413583	74.73090042	59.48817441	72.63620885	2.9892925043	1.38282739551
1442881_at	---			---	0.002199780022	35.03825448	65.57872738	19.37825825	11.51068671	116.9799121	185.2337276	140.9140838	200.6361835	59.60911297	52.98598843	89.41357645	36.6639165	4.89532238255	1.81491891751
1416645_a_at	Afp			alpha fetoprotein	0.00199980002	35.18086378	16.87888852	32.26099433	35.61213439	125.0030945	241.0328546	105.2570459	242.5057256	68.90061714	35.30014	34.38043754	38.28716676	5.95165157819	1.47472786392
1416192_at	Napa			N-ethylmaleimide sensitive fusion protein attachment protein alpha	0.00799920007999	60.5853888	79.91049023	64.39108256	60.33984143	110.2152464	122.4902409	116.5058026	80.12713567	65.35714235	72.24395649	97.83677881	79.31764839	1.61875956985	1.18674101733
1438431_at	Abcd2			"ATP-binding cassette, sub-family D (ALD), member 2"	0.000299970003	21.075004	16.37250311	14.62743599	33.23630278	144.0971509	184.4829912	137.0570757	136.779006	62.20609334	122.6562552	53.16563065	71.75656874	7.06139287483	3.63122756835
1451321_a_at	Rbm43			RNA binding motif protein 43	0.000499950005	73.52663218	75.23843838	53.74456641	74.73090042	100.6581376	117.9340088	188.1401566	127.481227	26.34992591	59.00695066	43.74881394	53.74456641	1.92689544981	0.659536511657
1423933_a_at	1600029D21Rik			RIKEN cDNA 1600029D21 gene	0.000599940005999	73.52663218	91.24787143	44.40517766	84.24294696	200.5003577	97.7705457	129.5691098	114.5508219	29.94611614	47.93501571	43.04381365	36.36730213	1.84849695598	0.536060386954
1443147_at	---			---	0.000299970003	6.47913402	5.115871404	5.126271893	6.392011483	189.2898181	334.2458876	133.0351805	160.1457831	64.82844216	28.98876567	16.92466063	39.28476431	35.3353724936	6.49092537493
1417703_at	Pvrl2			poliovirus receptor-related 2	0.003499650035	77.19887936	87.85369134	80.39879647	78.30410305	103.841693	133.0351805	84.47139667	89.65598571	22.53571002	75.64700188	52.55732705	78.78259319	1.26948976523	0.708938236577
1443327_at	D130043K22Rik			RIKEN cDNA D130043K22 gene	0.000599940005999	41.1074507	34.77833595	27.98614754	51.57060266	159.3887506	129.1313066	166.6709661	82.38204305	68.66785532	75.34041108	44.01614829	80.18136095	3.4583395076	1.725433598
1421411_at	Pstpip2			proline-serine-threonine phosphatase-interacting protein 2	0.012598740126	64.65311608	64.69691431	51.57060266	64.69691431	140.3429711	101.1362233	92.42895711	129.0439773	57.62540181	64.74074221	60.21742032	60.87314503	1.88484957116	0.991202428274
1446542_at	Acss2			acyl-CoA synthetase short-chain family member 2	0.004799520048	31.50565722	20.08609211	11.97564122	47.03503915	112.096234	164.2073621	90.26495057	402.9053075	12.59079086	17.86643639	14.34795281	12.88828145	6.95711528451	0.521629241478
1448354_at	G6pdx			glucose-6-phosphate dehydrogenase X-linked	0.00599940005999	39.49809039	39.92819639	39.92819639	39.76637085	229.4119925	242.6700073	94.8373207	43.92684567	41.69596867	39.76637085	37.54292107	36.8131169	3.83888189849	0.979245482622
1416410_at	Pafah1b3			"platelet-activating factor acetylhydrolase, isoform 1b, subunit 3"	0.00809919008099	61.91203606	61.91203606	59.52847373	62.0379023	96.52113665	134.2109898	102.9319462	73.72602143	61.49439437	62.1219409	60.66750183	70.12398118	1.66017095266	1.03674702988
1437311_at	Snhg11			small nucleolar RNA host gene 11 (non-protein coding)	0.000299970003	54.03637536	37.16364236	51.08419153	45.74762683	69.65089567	156.1846651	148.0520852	82.43779432	68.11232623	58.3318126	62.16402442	67.97413583	2.42685201508	1.36456838602
1452467_at	Mmab			methylmalonic aciduria (cobalamin deficiency) type B homolog (human)	0.016098390161	100.931102	40.91312978	64.0	67.92816609	106.7639665	87.7942774	102.9319462	117.2177305	46.40257624	46.62296982	63.7406135	54.84712144	1.51479084023	0.772953309561
1436808_x_at	Mcm5			"minichromosome maintenance deficient 5, cell division cycle 46 (S. cerevisiae)"	0.000599940005999	80.61676575	46.93961162	61.16226799	33.3038486	146.0612832	152.7345881	104.5470106	94.19750874	29.04769939	40.25385367	27.38646211	28.77372306	2.24094586889	0.565085708174
1422782_s_at	Tlr3			toll-like receptor 3	0.000399960004	84.52856189	76.73000799	69.98170941	58.25290129	104.1232184	94.13380458	91.68126213	80.67132238	51.50080222	43.98635043	40.94084573	48.45699381	1.28020151199	0.638650595567
1422076_at	Acot4			acyl-CoA thioesterase 4	0.000299970003	47.99995007	25.94286667	34.80189598	40.88546093	105.8286179	126.4498925	95.48141224	97.57218292	51.64046191	64.17351048	80.94482818	72.78387717	2.8425557171	1.80139253444
1451635_at	C730048C13Rik /// D630002G06Rik			RIKEN cDNA C730048C13 gene /// RIKEN cDNA D630002G06 gene	0.001699830017	19.88318542	39.95524512	29.38387991	41.21889716	71.75656874	270.6112487	73.03064159	75.13665577	38.75651651	41.24682025	60.21742032	56.27619961	3.76058397333	1.50640246507
1453540_at	5430404G13Rik			RIKEN cDNA 5430404G13 gene	0.000599940005999	55.55704649	42.37886369	33.05679613	55.59468273	98.70149283	100.7263269	75.28940747	68.76087507	67.15095443	64.69691431	71.99985021	68.1584206	1.84084307111	1.45779487536
1418375_at	Mbd6			methyl-CpG binding domain protein 6	0.002199780022	56.73519239	61.78646802	59.00695066	75.03501086	80.50770734	100.0467852	77.93394813	62.0379023	45.93379254	56.88900724	56.73519239	56.42877009	1.26909148879	0.855177640428
1454799_at	Agpat9			1-acylglycerol-3-phosphate O-acyltransferase 9	0.002099790021	22.42918043	23.70933018	49.55157468	23.37468471	70.02911741	136.2246525	142.7381333	125.51187	39.49809039	41.83733352	59.36752236	49.15073208	3.98525754688	1.59454117578
1456236_s_at	Commd10			COMM domain containing 10	0.00629937006299	43.54200692	36.14642345	39.95524512	68.02018383	107.1985068	83.11016297	83.5614719	82.82934069	51.71041579	61.07952764	59.24707395	66.74310965	1.90073615481	1.27238205532
1425532_a_at	Bin1			bridging integrator 1	0.00649935006499	47.09875437	56.27619961	59.36752236	35.7812777	66.78827742	76.73000799	100.0467852	79.21034743	56.9275458	56.0101738	56.27619961	56.85053418	1.62587806986	1.13872747613
1453377_at	Sh2d4a			SH2 domain containing 4A	0.024597540246	53.27371557	35.10948672	22.12756814	70.26654218	93.62539532	101.2732258	70.83959211	68.29698564	64.60939228	61.16226799	50.29503212	52.34431672	1.84777168134	1.26349377481
1433930_at	Hpse			heparanase	0.014598540146	64.74074221	32.28282665	45.59304943	53.67186073	65.44572267	76.88594565	72.14622482	83.78801552	67.92816609	32.41422108	53.74456641	65.31294244	1.51952835005	1.1177420963
1453345_at	Nipal1			NIPA-like domain containing 1	0.00609939006099	68.66785532	7.289010608	4.922243402	16.85605475	100.3180917	130.8914453	134.5749426	114.1637643	76.73000799	29.46354259	11.35974858	14.41609981	4.91070177676	1.35027551457
1440037_at	Pbx1			pre B-cell leukemia transcription factor 1	0.010898910109	59.28716885	57.97753133	24.34357252	57.62540181	61.2037014	60.29903463	102.5147719	75.08584214	60.21742032	52.23811741	52.48622746	43.54200692	1.50126905407	1.04642838427
1434770_at	Iqcb1			IQ calmodulin-binding motif containing 1	0.012798720128	40.25385367	45.80959808	33.07918993	41.41467035	163.3206042	87.37926104	59.85168671	72.39077719	40.49983148	43.71919707	33.96408304	38.18364703	2.38508183961	0.973899952877
1436955_at	Tssc1			tumor suppressing subtransferable candidate 1	0.00889911008899	58.09539878	57.50848792	62.88347328	56.04811701	60.54441594	80.39879647	72.83313297	90.75504887	40.74731239	23.34306342	59.40769877	30.76800506	1.29844490121	0.657751576093
1427123_s_at	Copg2as2			"coatomer protein complex, subunit gamma 2, antisense 2"	0.000599940005999	52.95015492	49.71957296	38.73030614	35.8540205	58.48995605	62.79840448	59.52847373	82.4936405	49.92193674	56.77358739	54.40340332	54.1462305	1.4854976123	1.21433136485
1455980_a_at	Gas2l3			growth arrest-specific 2 like 3	0.001599840016	25.68077792	36.78822082	25.96042326	41.78073595	76.00629472	79.53274169	61.82828143	97.24256209	51.15339187	52.41522406	35.49180397	51.4311319	2.41617001994	1.46295461736
1420028_s_at	LOC100045677 /// Mcm3			similar to DNA replication licensing factor MCM3 (DNA polymerase alpha holoenzyme-associated protein P1) (P1-MCM3) /// minichromosome maintenance deficient 3 (S. cerevisiae)	0.021197880212	41.92235913	34.12537513	26.13675265	31.46303635	40.96855206	98.76835659	86.55510459	48.88527285	26.10139483	37.18881828	32.50209932	31.46303635	2.05897782	0.952171395892
1418712_at	Cdc42ep5			CDC42 effector protein (Rho GTPase binding) 5	0.015298470153	41.49886575	36.86301072	37.79789535	25.11349648	135.9482717	38.5733088	42.86936077	53.12963881	36.91294657	23.2957036	26.745254	32.85602397	1.91487450765	0.848072176582
1451633_a_at	Gngt1			"guanine nucleotide binding protein (G protein), gamma transducing activity polypeptide 1"	0.00559944005599	30.87232005	35.18086378	26.60080499	34.82544783	76.41897489	58.25290129	92.99382396	50.36316343	29.28459424	29.40378556	26.83593036	29.18566428	2.18097028726	0.899831199874
1437064_at	Ar			androgen receptor	0.00679932006799	26.78148401	23.69327954	23.10723928	36.21990859	64.13011104	63.7406135	60.0546062	79.85639279	13.67933318	15.38921781	30.99797357	25.76784531	2.4387710566	0.781720179184
1440444_at	Fads1			fatty acid desaturase 1	0.00549945005499	11.86670915	28.10003457	13.01100051	19.8294121	61.24512043	61.61941155	98.50124128	58.29232339	19.95058299	22.6734182	26.01320041	21.85959853	3.84107978867	1.24296572881
1419669_at	Prtn3			proteinase 3	0.00199980002	8.422327644	8.650556824	9.520101796	8.682821949	110.2152464	154.8163467	12.16766135	74.47839096	10.39228503	10.35717755	8.774403186	19.43079468	9.96937173733	1.38776864163
1451576_at	Prkdc			"protein kinase, DNA activated, catalytic polypeptide"	0.01499850015	24.80936664	31.1873918	40.5821389	29.60348257	46.71772123	65.93483624	38.46901541	42.78238482	28.63770548	27.68468113	29.56343496	29.30443263	1.53669599383	0.912886999612
1453416_at	Gas2l3			growth arrest-specific 2 like 3	0.001199880012	14.66213206	19.9640982	19.1565519	27.38646211	42.37886369	70.45704189	51.36155584	70.98360793	23.13855715	35.10948672	21.47825677	31.97833678	2.89741602826	1.376194129
1456812_at	Abcd2			"ATP-binding cassette, sub-family D (ALD), member 2"	0.000299970003	10.66667776	6.85589018	6.191852051	18.77146054	46.65452147	79.31764839	67.19644478	63.05400046	21.9337107	39.47135115	19.40450869	18.82235187	6.03077097374	2.34505960956
1434963_at	Supt3h			suppressor of Ty 3 homolog (S. cerevisiae)	0.014298570143	23.09161225	25.66341045	20.51202471	27.25700231	67.79034933	37.34015471	49.05101211	38.26127381	21.52190682	26.18988827	25.06254471	24.89346237	1.99372892578	1.01184940389
1440920_at	Mmp14			Matrix metallopeptidase 14 (membrane-inserted)	0.013798620138	21.11784917	13.14378608	28.89081505	28.36759619	62.54388795	56.62008461	37.90039555	40.74731239	21.87440697	28.0050869	25.59400472	19.50988001	2.16140275368	1.03784233338
1425167_a_at	Gngt1			"guanine nucleotide binding protein (G protein), gamma transducing activity polypeptide 1"	0.00819918008199	16.57320823	18.06098912	11.80661097	24.0976407	50.39724623	47.35451236	38.67791176	32.76718881	21.36225439	15.67836269	20.00468491	26.40347661	2.39864728401	1.18302542456
1432122_at	Lrriq3			leucine-rich repeats and IQ motif containing 3	0.000299970003	18.54413411	12.34604457	18.82235187	10.52680701	42.29291221	43.48310327	31.22963927	38.26127381	18.80960959	23.78971363	21.65341998	28.54094107	2.5775005976	1.54041674475
1420014_at	Lss			Lanosterol synthase	0.00719928007199	18.03655621	18.0243459	15.90282318	18.06098912	42.32153354	31.20849757	20.19516461	55.36936226	18.13448664	18.08545514	17.5785236	21.62412723	2.12917052552	1.07708532974
1452864_at	Med12l			"mediator of RNA polymerase II transcription, subunit 12 homolog (yeast)-like"	0.000899910008999	15.00857395	26.65488403	31.06097045	18.70803334	31.08201221	37.28964093	41.63956234	29.54344171	12.51432004	14.18859666	14.95280251	14.21263355	1.52631411742	0.611034108439
1441720_at	4921530L18Rik			RIKEN cDNA 4921530L18 gene	0.00749925007499	13.56866615	24.34357252	16.74234841	18.43150536	32.17376799	27.18328677	24.99478132	32.45813046	23.45393358	23.35886062	17.01655396	23.67725618	1.59825163229	1.19730856335
1425219_x_at	Gngt1			"guanine nucleotide binding protein (G protein), gamma transducing activity polypeptide 1"	0.015698430157	21.20378629	16.95905645	16.26205867	16.62939757	28.11907049	36.71358265	45.1019217	21.03224576	18.43150536	15.64126184	16.13049717	16.31718179	1.84319347992	0.936191716967
1455229_x_at	Pgs1			phosphatidylglycerophosphate synthase 1	0.00959904009599	10.72460048	17.89063885	16.26205867	18.22061816	50.02339261	41.78073595	27.94828787	24.70879928	18.45647329	11.70317441	16.26205867	13.99780781	2.28947680845	0.957551657123
1418036_at	Prim2			"DNA primase, p58 subunit"	0.00499950005	16.76502814	8.933218193	11.19562372	17.51912724	23.50161508	37.18881828	27.81617223	24.19572058	17.55474336	15.06964995	18.15905221	16.58443548	2.0712390748	1.2380843613
1443942_at	Gabpb2			"GA repeat binding protein, beta 2"	0.00729927007299	16.66320488	16.6519243	9.774771651	16.67448155	16.79911119	26.72714812	26.67294096	16.71969935	13.08607918	16.69706935	16.69706935	10.2179013	1.4543595392	0.94869413723
1424495_a_at	Cklf			chemokine-like factor	0.024497550245	12.53551185	12.97143333	13.43159752	17.23682319	40.5821389	20.69333116	19.1306369	13.47256834	13.48169512	11.27548043	11.74682529	10.07027377	1.67117158585	0.829087160753
1425752_at	BC014805			cDNA sequence BC014805	0.00519948005199	8.981721571	8.592196574	5.277673127	8.656417007	26.13675265	66.51759027	9.215752679	15.88130983	8.810109803	8.765497647	8.721111396	8.777371681	3.73718974511	1.11318018633
1424395_at	Asrgl1			asparaginase like 1	0.010898910109	12.74944906	13.02862564	12.58653267	11.40598393	18.46896353	29.26478957	19.43079468	16.02167413	11.66363037	12.5780119	13.03304243	13.07279753	1.67139308048	1.01159100013
1428132_at	Cdc42se1			CDC42 small effector 1	0.00739926007399	11.81460917	11.7866514	10.72822876	11.82261279	22.93582664	23.34306342	13.14823279	14.8720436	8.566067229	11.83061363	11.81460917	11.84263325	1.60987610612	0.954537740544
1448481_at	Neu1			neuraminidase 1	0.018898110189	11.4873411	7.954101654	9.507216407	11.79063898	18.28239283	17.14372847	17.90274617	12.85778298	11.29075456	11.65968574	11.17291711	13.98833164	1.62463894741	1.18096509379
1428387_at	Acsl3			acyl-CoA synthetase long-chain family member 3	0.000299970003	7.715469767	12.45516303	7.962182833	8.857950898	20.48427603	16.77637372	31.65529642	18.23296143	7.629777576	7.609143129	7.39586556	7.655640054	2.35596381962	0.818864521125
1451844_at	Prlr			prolactin receptor	0.020697930207	6.135530118	6.131376514	6.164667146	5.728137008	18.10995429	12.67631052	7.089500578	17.59043189	6.057124226	6.168843302	7.242285245	5.737841038	2.29581379385	1.04331107414
1428867_at	Exoc3l2			exocyst complex component 3-like 2	0.002399760024	6.749978936	8.046163198	6.965819066	7.169124766	14.99841352	11.85466509	10.06686802	8.120024048	6.779740246	6.718070801	6.844295267	6.772863875	1.55680193723	0.937226145637
1421430_at	Rad51l1			RAD51-like 1 (S. cerevisiae)	0.022497750225	4.618806157	4.626627664	4.637601959	4.764883695	13.68396107	12.36276893	4.997785556	4.719944842	4.662782063	4.653325155	4.63917092	4.785895845	1.91787938842	1.00500079959
